4000000  0.002192471 
 4001000 0.0017507135 
 4002000 0.0019268908 
 4003000 0.0017542442 
 4004000  0.001880653 
 4005000 0.0019238142 
 4006000 0.0017400923 
 4007000 0.0017818145 
 4008000 0.0017115004 
 4009000 0.0018247024 
 4010000  0.001731967 
 4011000 0.0016790899 
 4012000 0.0017180218 
 4013000 0.0016531375 
 4014000 0.0016344646 
 4015000 0.0015571839 
 4016000 0.0015237093 
 4017000 0.0016829672 
 4018000  0.001673338 
 4019000 0.0016124339 
 4020000 0.0017043443 
 4021000  0.001617995 
 4022000 0.0016288969 
 4023000 0.0014527232 
 4024000 0.0014516878 
 4025000 0.0016052931 
 4026000 0.0013913085 
 4027000 0.0013604829 
 4028000 0.0013684653 
 4029000 0.0012313311 
 4030000 0.0012596432 
 4031000  0.001157903 
 4032000 0.0011868066 
 4033000 0.0012776636 
 4034000 0.0013252512 
 4035000 0.0012358871 
 4036000 0.0012300588 
 4037000 0.0014655433 
 4038000 0.0015194768 
 4039000 0.0015069037 
 4040000 0.0012777382 
 4041000 0.0014168576 
 4042000 0.0013661231 
 4043000 0.0014210662 
 4044000 0.0013656831 
 4045000 0.0013221085 
 4046000 0.0012999784 
 4047000 0.0014210302 
 4048000 0.0013861623 
 4049000 0.0013416232 
 4050000 0.0012797521 
 4051000  0.001385975 
 4052000 0.0012941225 
 4053000 0.0013284489 
 4054000 0.0012888846 
 4055000 0.0012485781 
 4056000 0.0012296243 
 4057000 0.0013065697 
 4058000 0.0012685195 
 4059000 0.0013122437 
 4060000 0.0014750446 
 4061000  0.001265984 
 4062000 0.0012184672 
 4063000 0.0014057456 
 4064000 0.0013387843 
 4065000 0.0013561752 
 4066000 0.0012475508 
 4067000 0.0011363299 
 4068000 0.0012200796 
 4069000 0.0010857602 
 4070000 0.0012580571 
 4071000 0.0014374375 
 4072000 0.0013338619 
 4073000 0.0013140837 
 4074000 0.0011846808 
 4075000 0.0013519331 
 4076000 0.0013234509 
 4077000 0.0012585591 
 4078000 0.0012765069 
 4079000 0.0011473022 
 4080000 0.0011118018 
 4081000 0.0012823621 
 4082000 0.0010231826 
 4083000 0.0011662613 
 4084000 0.0010585758 
 4085000 0.0010407583 
 4086000 0.0011092012 
 4087000 0.0010338575 
 4088000 0.0011155624 
 4089000 0.0011062681 
 4090000 0.0010810308 
 4091000 0.0012259924 
 4092000 0.0011302237 
 4093000 0.0010610651 
 4094000 0.0010293955 
 4095000 0.0012060907 
 4096000 0.0010640941 
 4097000 0.0010776562 
 4098000 0.0010600303 
 4099000 0.0011394196 
 4100000 0.0011289435 
 4101000 0.0010731082 
 4102000 0.0011327987 
 4103000 0.0012451517 
 4104000 0.0011908371 
 4105000 0.0012975377 
 4106000 0.0011480682 
 4107000 0.0012191938 
 4108000 0.0011719051 
 4109000 0.0011807731 
 4110000  0.001282417 
 4111000 0.0012235392 
 4112000 0.0012986927 
 4113000 0.0010990141 
 4114000 0.0012064433 
 4115000  0.001143373 
 4116000 0.0012628319 
 4117000 0.0011632253 
 4118000 0.0012075124 
 4119000 0.0011239179 
 4120000 0.00098308058 
 4121000 0.0010522162 
 4122000 0.0010909538 
 4123000 0.0010972477 
 4124000 0.00092875886 
 4125000 0.0010166555 
 4126000  0.001016893 
 4127000 0.0010083943 
 4128000 0.0010642952 
 4129000 0.00093825771 
 4130000 0.0010596063 
 4131000 0.0010304708 
 4132000 0.00099747803 
 4133000 0.0011593479 
 4134000 0.0011051123 
 4135000  0.001086005 
 4136000 0.0010934175 
 4137000 0.0011644419 
 4138000 0.0011718688 
 4139000 0.0011348231 
 4140000 0.0011006184 
 4141000 0.0012900825 
 4142000 0.0012141055 
 4143000 0.0010922026 
 4144000 0.0012769312 
 4145000 0.0013405636 
 4146000  0.001180015 
 4147000 0.0013106302 
 4148000 0.0013217807 
 4149000  0.001156232 
 4150000 0.00094832219 
 4151000 0.0010283493 
 4152000 0.00095723604 
 4153000 0.0012103565 
 4154000 0.0010361988 
 4155000 0.0010622237 
 4156000 0.0010737436 
 4157000 0.00093337752 
 4158000 0.00097609639 
 4159000    0.0011122 
 4160000 0.00095564834 
 4161000 0.00095855786 
 4162000 0.0009571776 
 4163000 0.0011512812 
 4164000 0.0009317511 
 4165000 0.00092067585 
 4166000 0.0010349486 
 4167000 0.0010751415 
 4168000 0.00099489255 
 4169000 0.00089072716 
 4170000 0.00096712355 
 4171000 0.0010376432 
 4172000 0.0010374296 
 4173000 0.00096357468 
 4174000 0.00086920603 
 4175000 0.00099286896 
 4176000 0.00096510891 
 4177000 0.0010499602 
 4178000 0.00085082962 
 4179000 0.00093145355 
 4180000 0.0010821395 
 4181000 0.00093952003 
 4182000 0.0010623467 
 4183000 0.0010867861 
 4184000 0.0011137292 
 4185000 0.00097353669 
 4186000 0.00087409402 
 4187000 0.0010153709 
 4188000 0.00089436656 
 4189000 0.00090221267 
 4190000   0.00115339 
 4191000 0.0010916393 
 4192000 0.0011071149 
 4193000 0.0010752204 
 4194000 0.00088020516 
 4195000 0.0010065557 
 4196000 0.0011361943 
 4197000 0.0011391673 
 4198000 0.0010877226 
 4199000 0.0010229086 
 4200000 0.0011494579 
 4201000 0.00092227343 
 4202000 0.0011341367 
 4203000 0.0010359005 
 4204000 0.0010241243 
 4205000 0.0010870788 
 4206000 0.00090348209 
 4207000 0.00099625221 
 4208000 0.0010590862 
 4209000 0.00099168107 
 4210000 0.00094232822 
 4211000 0.0010664475 
 4212000 0.00090723149 
 4213000 0.0010421985 
 4214000 0.00086820822 
 4215000 0.0007760348 
 4216000 0.00076668038 
 4217000 0.00085806239 
 4218000 0.00090019209 
 4219000 0.00085002355 
 4220000 0.00090155654 
 4221000 0.00082665863 
 4222000 0.00087878225 
 4223000 0.00093902614 
 4224000 0.00086844252 
 4225000 0.00084474048 
 4226000 0.00084147323 
 4227000 0.00079606867 
 4228000 0.00084872647 
 4229000 0.00090336471 
 4230000 0.00094128019 
 4231000 0.00078037322 
 4232000 0.0007379151 
 4233000 0.00070639621 
 4234000 0.00084595166 
 4235000 0.0007553117 
 4236000 0.00084237518 
 4237000 0.00067529591 
 4238000 0.0006569355 
 4239000 0.00075498815 
 4240000 0.00077342549 
 4241000 0.0010376439 
 4242000 0.00077552472 
 4243000 0.00082761121 
 4244000 0.0008061116 
 4245000 0.00081096751 
 4246000 0.00076503356 
 4247000 0.00075563777 
 4248000 0.00078890618 
 4249000 0.00049202154 
 4250000 0.00060986509 
 4251000 0.00073877302 
 4252000 0.00072147514 
 4253000 0.00086895034 
 4254000  0.000762782 
 4255000 0.00079584296 
 4256000 0.00074339243 
 4257000 0.00078713427 
 4258000 0.00085839734 
 4259000 0.0010142425 
 4260000 0.00083603735 
 4261000 0.00091235419 
 4262000 0.00080735554 
 4263000 0.00067683986 
 4264000 0.00078373502 
 4265000 0.00086880256 
 4266000 0.00089573854 
 4267000 0.00077326355 
 4268000 0.00084391293 
 4269000 0.00085428066 
 4270000 0.00083784493 
 4271000 0.00097597809 
 4272000 0.00090400033 
 4273000 0.00082644725 
 4274000 0.00092470007 
 4275000 0.0010126935 
 4276000 0.00085816325 
 4277000 0.0010646081 
 4278000 0.0008754902 
 4279000 0.00083933964 
 4280000 0.00074348011 
 4281000 0.0010051111 
 4282000 0.00092720436 
 4283000 0.0010746308 
 4284000 0.0010175533 
 4285000 0.0009919531 
 4286000 0.0010741848 
 4287000 0.00081661972 
 4288000 0.00082069741 
 4289000 0.00084851525 
 4290000 0.00098318966 
 4291000 0.0008333026 
 4292000 0.00081829884 
 4293000 0.00090587439 
 4294000 0.00087667223 
 4295000 0.0008264905 
 4296000 0.00074415991 
 4297000 0.00076886566 
 4298000 0.00083343757 
 4299000 0.00072198013 
 4300000 0.0006825039 
 4301000 0.00075072673 
 4302000 0.00079178831 
 4303000 0.00061155482 
 4304000 0.00077997799 
 4305000 0.00079831771 
 4306000 0.0007923526 
 4307000 0.00080702247 
 4308000 0.0008094813 
 4309000 0.00084946209 
 4310000 0.00084074463 
 4311000 0.00085601454 
 4312000 0.00084648943 
 4313000 0.00088249448 
 4314000 0.00074155985 
 4315000 0.00069897165 
 4316000 0.00076707875 
 4317000 0.00077958493 
 4318000 0.00092431735 
 4319000 0.00075938387 
 4320000 0.00076891281 
 4321000 0.00087403113 
 4322000 0.00079528654 
 4323000 0.0010214266 
 4324000 0.00088600533 
 4325000 0.00071272366 
 4326000 0.00089220401 
 4327000 0.00081705641 
 4328000 0.00071065309 
 4329000 0.0007842943 
 4330000 0.00085312553 
 4331000 0.00090159815 
 4332000 0.00073797312 
 4333000 0.00091374228 
 4334000 0.00078490355 
 4335000 0.00079215027 
 4336000 0.0008488422 
 4337000 0.00079692661 
 4338000 0.00077771354 
 4339000 0.00077297069 
 4340000 0.00085567096 
 4341000 0.00079285486 
 4342000 0.00067865985 
 4343000 0.00079223675 
 4344000 0.00079169341 
 4345000 0.00069303456 
 4346000 0.00072539616 
 4347000 0.00078383579 
 4348000 0.00079664917 
 4349000 0.00090569848 
 4350000 0.00076279765 
 4351000 0.00082849089 
 4352000 0.00079017444 
 4353000 0.00083338242 
 4354000 0.00084094657 
 4355000 0.00072779724 
 4356000 0.00089852562 
 4357000 0.00078565879 
 4358000 0.00078695074 
 4359000 0.00074103949 
 4360000 0.00076221067 
 4361000 0.00081077666 
 4362000 0.0008464157 
 4363000 0.00076813616 
 4364000 0.00077119384 
 4365000 0.00083177934 
 4366000 0.00075389058 
 4367000 0.00068389889 
 4368000 0.00061647232 
 4369000 0.00076313794 
 4370000 0.00083301143 
 4371000 0.00088031569 
 4372000 0.00081234349 
 4373000 0.00072984842 
 4374000 0.00064421623 
 4375000  0.000660458 
 4376000 0.0007054523 
 4377000 0.00052587401 
 4378000 0.00048566116 
 4379000 0.0005708476 
 4380000 0.00065472228 
 4381000 0.00056227645 
 4382000 0.00067327914 
 4383000 0.0007559359 
 4384000 0.00071199316 
 4385000 0.00065483334 
 4386000 0.00064985475 
 4387000 0.00059063053 
 4388000 0.00063096277 
 4389000 0.00062656448 
 4390000 0.00055496943 
 4391000 0.00062981523 
 4392000 0.00063082438 
 4393000 0.00081173416 
 4394000 0.00068926004 
 4395000 0.00054966511 
 4396000 0.00084515169 
 4397000 0.00063427685 
 4398000 0.00069768942 
 4399000 0.0007257554 
 4400000 0.00069896674 
 4401000 0.00071050658 
 4402000 0.00078933177 
 4403000 0.00062062438 
 4404000 0.00076176634 
 4405000 0.00063795029 
 4406000 0.00052481153 
 4407000 0.00066509844 
 4408000 0.00076041848 
 4409000 0.00071459519 
 4410000 0.0006744758 
 4411000 0.00065534242 
 4412000 0.00062790491 
 4413000 0.00081866361 
 4414000 0.00075694109 
 4415000 0.00065840795 
 4416000 0.00075579073 
 4417000 0.00064686081 
 4418000 0.0006862063 
 4419000 0.00064331074 
 4420000 0.00063174195 
 4421000 0.00075505215 
 4422000 0.00072002408 
 4423000 0.00079459201 
 4424000 0.00064027526 
 4425000 0.00067321798 
 4426000 0.00062093031 
 4427000 0.00060891562 
 4428000 0.00062150195 
 4429000 0.00057803759 
 4430000 0.00077019671 
 4431000 0.00054532832 
 4432000 0.00052328833 
 4433000 0.00066953785 
 4434000 0.0006272915 
 4435000 0.00060038061 
 4436000 0.00063596353 
 4437000 0.00069530997 
 4438000 0.00080922736 
 4439000 0.0005605198 
 4440000 0.00064445113 
 4441000 0.00052089084 
 4442000 0.00034563136 
 4443000 0.00043005103 
 4444000 0.00049720899 
 4445000 0.00038453467 
 4446000 0.00045187356 
 4447000 0.00033975495 
 4448000 0.00044562709 
 4449000 0.00051430823 
 4450000 0.00032292824 
 4451000 0.00037851543 
 4452000 0.00037792202 
 4453000 0.0006528989 
 4454000 0.00064772508 
 4455000 0.00061458669 
 4456000 0.00039572081 
 4457000 0.00057265272 
 4458000 0.00052213062 
 4459000 0.00043287151 
 4460000 0.00039287952 
 4461000 0.00046194353 
 4462000 0.00040256443 
 4463000 0.00051186673 
 4464000 0.00057749411 
 4465000 0.00051229303 
 4466000 0.00066387574 
 4467000 0.00057633691 
 4468000 0.00053954709 
 4469000 0.00053278237 
 4470000 0.00052283254 
 4471000 0.00049147417 
 4472000 0.00075504864 
 4473000 0.00056791581 
 4474000 0.00064553173 
 4475000 0.00058241719 
 4476000 0.00065355124 
 4477000 0.00070479382 
 4478000 0.00062143548 
 4479000 0.00064707449 
 4480000 0.00049438658 
 4481000 0.00058951801 
 4482000 0.00067690759 
 4483000 0.00075391952 
 4484000 0.00069101416 
 4485000 0.00071410912 
 4486000 0.00048829609 
 4487000 0.00068466422 
 4488000 0.00068212055 
 4489000 0.00068861401 
 4490000 0.00067357307 
 4491000 0.00075238165 
 4492000 0.00066924937 
 4493000 0.00066429179 
 4494000 0.00068543225 
 4495000 0.0006605613 
 4496000 0.00061417038 
 4497000 0.00078492002 
 4498000 0.00062868758 
 4499000 0.00061397423 
 4500000 0.00059183733 
 4501000 0.00064116977 
 4502000 0.00070549237 
 4503000 0.00067787082 
 4504000 0.00076516273 
 4505000 0.0006972337 
 4506000 0.00073730281 
 4507000 0.00076455206 
 4508000 0.00069887902 
 4509000 0.00066065149 
 4510000 0.0007270249 
 4511000 0.00082060329 
 4512000 0.00074380311 
 4513000 0.00073864997 
 4514000 0.00083355417 
 4515000 0.00065409216 
 4516000 0.00081087891 
 4517000 0.00086189326 
 4518000  0.000687134 
 4519000 0.00082910613 
 4520000 0.00088188496 
 4521000 0.00089534858 
 4522000 0.00080202477 
 4523000 0.00068396331 
 4524000 0.00081452918 
 4525000 0.00080308194 
 4526000 0.00076937924 
 4527000 0.00081191576 
 4528000 0.00090505045 
 4529000 0.00076339482 
 4530000  0.000817216 
 4531000  0.000838835 
 4532000 0.00075979047 
 4533000 0.0007165893 
 4534000 0.00076147864 
 4535000 0.0007742533 
 4536000 0.00075993548 
 4537000 0.00059521536 
 4538000 0.00073807734 
 4539000 0.00062608747 
 4540000 0.00055736482 
 4541000 0.00063800387 
 4542000 0.00063320995 
 4543000 0.00066837121 
 4544000 0.00058258361 
 4545000 0.00061845038 
 4546000 0.00063583753 
 4547000 0.00067155986 
 4548000 0.00059878421 
 4549000 0.00058008861 
 4550000 0.00061058225 
 4551000 0.00068087101 
 4552000 0.00073124807 
 4553000 0.00067232137 
 4554000 0.00060347127 
 4555000 0.00050065583 
 4556000 0.00061138096 
 4557000 0.00057119384 
 4558000 0.00078669114 
 4559000  0.000893629 
 4560000 0.0008652626 
 4561000 0.00075904997 
 4562000 0.00059907887 
 4563000 0.00054976104 
 4564000 0.00070888354 
 4565000 0.00057771737 
 4566000 0.00058809446 
 4567000 0.00061639739 
 4568000 0.00073291194 
 4569000 0.00063428658 
 4570000  0.000737077 
 4571000 0.00071376892 
 4572000 0.00067165817 
 4573000 0.00063742345 
 4574000 0.00068111381 
 4575000 0.0005584542 
 4576000 0.00062050232 
 4577000 0.00083279164 
 4578000 0.00072465096 
 4579000 0.00075442139 
 4580000 0.0005757766 
 4581000 0.0005811832 
 4582000 0.00058258216 
 4583000 0.00058845678 
 4584000 0.00068341806 
 4585000 0.00051449857 
 4586000 0.00054789451 
 4587000 0.00057114432 
 4588000 0.00068947105 
 4589000 0.00067448192 
 4590000 0.00061446164 
 4591000 0.00065183162 
 4592000 0.0007565755 
 4593000 0.00083616235 
 4594000 0.00080992144 
 4595000 0.00080461124 
 4596000 0.00067031818 
 4597000 0.00065481895 
 4598000 0.00073075377 
 4599000 0.0007607715 
 4600000 0.00062846045 
 4601000 0.00076820424 
 4602000 0.00061203777 
 4603000 0.00059315942 
 4604000 0.00054123439 
 4605000 0.00054820036 
 4606000 0.00058737171 
 4607000 0.00064434426 
 4608000 0.00062341354 
 4609000 0.00065941769 
 4610000 0.00056354694 
 4611000 0.00052373478 
 4612000 0.00067212301 
 4613000 0.00063829514 
 4614000 0.00062587418 
 4615000 0.00063509394 
 4616000 0.00057154223 
 4617000 0.00062909541 
 4618000 0.00060866004 
 4619000 0.00071061971 
 4620000 0.00069279104 
 4621000 0.00070673091 
 4622000 0.00061330523 
 4623000 0.00054396115 
 4624000 0.00066591833 
 4625000 0.00057030022 
 4626000 0.00054380114 
 4627000 0.00067177139 
 4628000 0.00061539503 
 4629000 0.00051196054 
 4630000 0.00053976126 
 4631000 0.00074126417 
 4632000 0.00071829107 
 4633000 0.00081380124 
 4634000 0.00062434648 
 4635000 0.0007568338 
 4636000 0.00072500034 
 4637000 0.00062842123 
 4638000 0.0006408072 
 4639000 0.00063919501 
 4640000 0.00056103629 
 4641000 0.00056083264 
 4642000 0.0005929754 
 4643000 0.00071870898 
 4644000 0.00069500401 
 4645000 0.00057278689 
 4646000 0.00075024138 
 4647000 0.00056279272 
 4648000 0.00069506452 
 4649000 0.00051423973 
 4650000 0.00059769838 
 4651000 0.00063303448 
 4652000 0.00063250661 
 4653000 0.00071878077 
 4654000 0.0005949097 
 4655000 0.00075868842 
 4656000 0.00060367098 
 4657000 0.00063264249 
 4658000 0.00067153886 
 4659000 0.00076154838 
 4660000 0.00065464946 
 4661000 0.00073327456 
 4662000 0.00069719409 
 4663000 0.00075155451 
 4664000 0.00071526048 
 4665000 0.00061773152 
 4666000 0.00068284839 
 4667000 0.00067698303 
 4668000 0.00069909242 
 4669000 0.00064884327 
 4670000 0.00065535174 
 4671000 0.00074979977 
 4672000 0.00063283094 
 4673000 0.00070230839 
 4674000 0.00052622001 
 4675000 0.00068093473 
 4676000 0.00070973633 
 4677000 0.00069190892 
 4678000 0.00086018003 
 4679000 0.00061346986 
 4680000 0.00049292216 
 4681000 0.00060897353 
 4682000 0.00063851734 
 4683000 0.00061679634 
 4684000 0.00065966312 
 4685000 0.00066590217 
 4686000 0.00059322772 
 4687000 0.00035618019 
 4688000 0.0005522618 
 4689000 0.00050940657 
 4690000 0.00046084944 
 4691000 0.00048040492 
 4692000 0.00051544839 
 4693000 0.00049678308 
 4694000 0.00055076348 
 4695000 0.00055129943 
 4696000 0.00041749918 
 4697000 0.00035435472 
 4698000 0.00047363493 
 4699000 0.0003691452 
 4700000 0.00037285329 
 4701000 0.00029540671 
 4702000 0.00046977301 
 4703000 0.00028554847 
 4704000 0.00041967777 
 4705000 0.00038569262 
 4706000 0.00021975078 
 4707000 0.00042023928 
 4708000 0.00037801934 
 4709000 0.00050369352 
 4710000 0.00051898298 
 4711000 0.00039567603 
 4712000 0.00058844679 
 4713000 0.00070602523 
 4714000 0.00053434802 
 4715000 0.00061573187 
 4716000 0.00060621452 
 4717000 0.00065127092 
 4718000 0.00056688023 
 4719000 0.00073039135 
 4720000 0.00047947781 
 4721000 0.00059250663 
 4722000 0.00059046573 
 4723000 0.00051157771 
 4724000 0.00061096857 
 4725000 0.00057485291 
 4726000 0.00070118715 
 4727000 0.00060365116 
 4728000 0.00059159166 
 4729000 0.00064452781 
 4730000 0.00049924033 
 4731000 0.00068444137 
 4732000 0.00068189856 
 4733000 0.00052164954 
 4734000 0.00050877808 
 4735000 0.00031876079 
 4736000 0.00044648662 
 4737000 0.00053593882 
 4738000 0.00051520901 
 4739000 0.00054013992 
 4740000 0.00056871607 
 4741000 0.00048030702 
 4742000 0.00035209498 
 4743000 0.00043489342 
 4744000 0.00057441102 
 4745000 0.00036622609 
 4746000 0.0004627274 
 4747000 0.00045303516 
 4748000 0.00050924165 
 4749000 0.00049903965 
 4750000 0.00055995014 
 4751000 0.00053386746 
 4752000 0.00052954457 
 4753000 0.00050668365 
 4754000 0.00056691852 
 4755000 0.00049607494 
 4756000 0.00060402332 
 4757000 0.00054002639 
 4758000 0.00045567048 
 4759000 0.00055002698 
 4760000 0.00061077917 
 4761000 0.00066475529 
 4762000 0.00063584512 
 4763000 0.00058663236 
