5000000            0            0    321.52459 
 5001000 0.00029357257 -0.00034316048    268.29444 
 5002000 0.00041657361 -0.00043977523    270.69317 
 5003000 0.00053833544 -0.00059703877    267.37661 
 5004000 0.00060945973 -0.0006280361    267.53922 
 5005000 0.00066682532 -0.00068393411    269.98046 
 5006000 0.00066161591 -0.0006935245    268.32571 
 5007000 0.00069375229 -0.00071673963    269.28217 
 5008000 0.00065272311 -0.0006294129    265.77869 
 5009000 0.00064914213 -0.00068236633    264.50696 
 5010000 0.00072285629 -0.00069692856    265.34817 
 5011000 0.00088672708 -0.00090598626    265.46595 
 5012000 0.00097033924 -0.00098997133    263.72088 
 5013000 0.0010169566 -0.00099770614     269.1699 
 5014000 0.0011082439 -0.0011277451    267.85037 
 5015000 0.0010438704 -0.0010823816    263.84505 
 5016000 0.00097271561 -0.00097030181    268.32909 
 5017000 0.0012474602 -0.0012754865    265.83466 
 5018000 0.0012492482 -0.001288307    268.34065 
 5019000 0.0012327204 -0.0012528129    261.68947 
 5020000 0.0012256762 -0.0012421902     273.0264 
 5021000 0.0011402074 -0.0011316511    269.39983 
 5022000 0.0011771395 -0.0012456423    268.00542 
 5023000 0.0010844048 -0.0010960726    267.28846 
 5024000 0.0010409553 -0.0010788769    271.12255 
 5025000 0.0011518049 -0.0012002617    269.47594 
 5026000 0.0015209906 -0.0015656462     269.2652 
 5027000 0.0012477658 -0.0012440177    274.24984 
 5028000 0.0013524991 -0.0014168762    271.01415 
 5029000  0.001445556 -0.0014628657    272.73336 
 5030000 0.0013550772 -0.0013928897    259.03982 
 5031000 0.0014187277 -0.0014528344    267.79391 
 5032000 0.0013849119 -0.0014446729    271.74102 
 5033000 0.0011848973 -0.0012241431    267.33575 
 5034000 0.0011924858 -0.0012276111    268.77622 
 5035000 0.0012887426 -0.0012964924    273.34363 
 5036000 0.0013023629 -0.0013445165    270.86846 
 5037000 0.0013326736 -0.0013906717    262.20688 
 5038000 0.0011650821 -0.0011900996    267.01128 
 5039000 0.0012952139 -0.0012941944    270.21375 
 5040000  0.001316535 -0.0013387805    267.18079 
 5041000 0.0014564068 -0.0014697849    266.49814 
 5042000  0.001467971 -0.0015075572    264.98924 
 5043000 0.0014678417 -0.0015104793    268.56369 
 5044000 0.0015455321 -0.0015433476    270.89474 
 5045000 0.0016099236 -0.0016218552     268.2065 
 5046000 0.0015781619 -0.0016095364    267.94659 
 5047000 0.0014095437 -0.0014595115    264.45061 
 5048000 0.0015072417 -0.0015786061    268.27811 
 5049000 0.0016198491 -0.0016563578    269.40934 
 5050000 0.0015119503 -0.0015472488    268.52959 
 5051000 0.0013253219 -0.0013929737    267.61114 
 5052000  0.001366256 -0.0013858211    265.82919 
 5053000 0.0014924435 -0.0015614884    270.64337 
 5054000 0.0014297662 -0.0014709051      270.158 
 5055000 0.0015652696 -0.0015746562    264.78924 
 5056000 0.0015430274 -0.0016257999    268.73672 
 5057000 0.0015675969 -0.0015890628    267.29315 
 5058000 0.0016752396 -0.001710831    261.18788 
 5059000 0.0015555587 -0.0015900144    268.35428 
 5060000 0.0013701092 -0.0013840488    268.31299 
 5061000 0.0015302461 -0.0015528794    265.46678 
 5062000 0.0014092332 -0.0014548654    265.09214 
 5063000 0.0013589926 -0.0013807446    271.90358 
 5064000 0.0013187396 -0.0013257585    269.25046 
 5065000 0.0011286318 -0.0011854153    274.66806 
 5066000 0.0013797814 -0.0013827545    274.92514 
 5067000  0.001369864 -0.0013451785    272.08539 
 5068000 0.0013943756 -0.0013939069    266.96249 
 5069000 0.0012544146 -0.0012715606    267.49402 
 5070000 0.0011992304 -0.0012272858    274.22618 
 5071000 0.0010971811 -0.0010951794    266.51369 
 5072000 0.0013573745 -0.0013821603     267.6636 
 5073000 0.0012381102 -0.001225261    267.26988 
 5074000 0.0010007883 -0.0010396347    269.69829 
 5075000 0.0011068065 -0.0011243825    263.69371 
 5076000 0.0013259148 -0.0013798055    267.58831 
 5077000 0.0012852349 -0.0012938389    268.08953 
 5078000  0.001329482 -0.0013401205     267.3737 
 5079000 0.0015655342 -0.0015609269    264.48873 
 5080000 0.0014767828 -0.0015107757     270.1458 
 5081000 0.0014392622 -0.0014251734    268.24933 
 5082000 0.0014655659 -0.0014761119    265.64402 
 5083000 0.0014066321 -0.0014322474    265.57445 
 5084000 0.0011618654 -0.0011937634    267.72355 
 5085000 0.0012737284 -0.0012659167     265.7719 
 5086000 0.0014552697 -0.0014593681    264.52587 
 5087000  0.001422071 -0.0014629149    272.30013 
 5088000 0.0015966453 -0.0015941745    262.84285 
 5089000 0.0016439862 -0.0016466681     266.6951 
 5090000 0.0017431303 -0.001773438    269.42491 
 5091000 0.0018223747 -0.0018123887    267.28075 
 5092000 0.0018029044 -0.0018354212    263.97236 
 5093000 0.0017681045 -0.0017722139    271.26924 
 5094000  0.001741044 -0.0017491602    272.19399 
 5095000 0.0017673594 -0.0017897607    266.83456 
 5096000 0.0016154644 -0.0016472482     266.7482 
 5097000 0.0016116213 -0.0016322987    269.13407 
 5098000  0.001560157 -0.0015826271    273.30357 
 5099000 0.0016101867 -0.0016579079    272.36488 
 5100000 0.0016007902 -0.0016350783    267.02077 
 5101000 0.0016647929 -0.0016918514    265.21222 
 5102000 0.0018706746 -0.0018943128    265.62827 
 5103000 0.0016490759 -0.001681171    268.19253 
 5104000 0.0015874871 -0.0016201449    263.27093 
 5105000 0.0016473132 -0.0016896495    271.76371 
 5106000 0.0017148245 -0.0017157494    266.55026 
 5107000 0.0016714134 -0.0016756914    265.84308 
 5108000 0.0016677363 -0.0017079705    266.95325 
 5109000  0.001639285 -0.0016331759     266.9516 
 5110000 0.0017439939 -0.0017368044    268.15112 
 5111000 0.0018631371 -0.0018426996    274.47974 
 5112000 0.0018768608 -0.001843679    267.81661 
 5113000 0.0019847675 -0.0019643501    272.11209 
 5114000 0.0019276058 -0.0019174245    272.13886 
 5115000 0.0018447507 -0.001831363    270.01197 
 5116000 0.0018959592 -0.0019391419    269.59449 
 5117000 0.0018771208 -0.0018972626    270.31949 
 5118000   0.00161058 -0.0016311831    271.04877 
 5119000 0.0016406401 -0.0016330394    266.54129 
 5120000  0.001685216 -0.0016906462    265.91859 
 5121000  0.001585715 -0.0015560083    269.38443 
 5122000 0.0017378919 -0.0017440837    266.11754 
 5123000 0.0017486611 -0.0017682563    268.17356 
 5124000 0.0017790611 -0.0017958193     267.8182 
 5125000 0.0019324602 -0.0019581625    267.53587 
 5126000   0.00171475 -0.0017224137    268.24708 
 5127000 0.0017728892 -0.0017927376    266.91289 
 5128000 0.0019437613 -0.0019470829    266.97668 
 5129000  0.002097207 -0.0021117391    266.32494 
 5130000 0.0017001536 -0.0017194504    267.91643 
 5131000 0.0017973952 -0.0018180615     269.4229 
 5132000 0.0018102953 -0.0018517058    274.87131 
 5133000 0.0017818471 -0.0017890668    267.03757 
 5134000 0.0017795038 -0.0017959408    262.00348 
 5135000 0.0016999612 -0.001745684    265.81249 
 5136000 0.0019178252 -0.0019334537    270.88089 
 5137000 0.0018782441 -0.0018976874    267.24245 
 5138000 0.0019127117 -0.0019567021    267.12057 
 5139000 0.0017582423 -0.0017924665    263.16087 
 5140000 0.0019002902 -0.0019285426    267.64202 
 5141000 0.0018463672 -0.001906452    267.57549 
 5142000 0.0018660443 -0.0018800864    266.26348 
 5143000 0.0017560936 -0.0017641431    269.10304 
 5144000 0.0018502082 -0.0019083537    265.72175 
 5145000 0.0020100604 -0.0020034562    268.90584 
 5146000 0.0019208547 -0.0019475544     260.5309 
 5147000 0.0016921813 -0.0017086992    266.22939 
 5148000 0.0018633083 -0.001876153    271.02813 
 5149000 0.0018147429 -0.0018294134    268.35794 
 5150000 0.0016340442 -0.0016512405    265.97411 
 5151000 0.0018296358 -0.0018420283    266.75601 
 5152000 0.0018494938 -0.0018795491      270.597 
 5153000 0.0017967423 -0.0017893874    268.15363 
 5154000 0.0019201105 -0.0019478632    266.11084 
 5155000 0.0018333862 -0.0018510864    262.56386 
 5156000 0.0017720364 -0.0017870012    267.88333 
 5157000 0.0017645481 -0.0017780245    266.30296 
 5158000 0.0019665002 -0.0020116616    266.54058 
 5159000 0.0017649161 -0.0017946808    266.00453 
 5160000 0.0019620219 -0.0019809638    267.76242 
 5161000 0.0019242904 -0.0019654322    266.25398 
 5162000 0.0018177843 -0.0018062651    267.49737 
 5163000 0.0018572183 -0.0018960869    267.31727 
 5164000 0.0019723024 -0.0019975421    270.22665 
 5165000 0.0019071439 -0.0019307581    268.55695 
 5166000 0.0018302123 -0.0018488868    269.28189 
 5167000 0.0018084538 -0.0018042089    266.82825 
 5168000 0.0017969505 -0.0018228617    267.80981 
 5169000 0.0017951073 -0.0018025837    266.26638 
 5170000 0.0018326021 -0.0018473052    264.64838 
 5171000 0.0017314487 -0.0017342669    269.97573 
 5172000  0.001701885 -0.001698146    265.19575 
 5173000 0.0017323367 -0.0017438639    266.37058 
 5174000 0.0015711043 -0.0015826849    265.73815 
 5175000 0.0016192976 -0.0016637754    267.31543 
 5176000 0.0017151389 -0.0017429811    261.89852 
 5177000 0.0016677452 -0.0016845342    265.04684 
 5178000 0.0017174156 -0.0017683976    266.20479 
 5179000 0.0017090022 -0.0017147117    263.94748 
 5180000 0.0018946744 -0.0019105494    271.51818 
 5181000 0.0018862998 -0.0018904389     270.1438 
 5182000 0.0015730053 -0.0016010825    272.57465 
 5183000  0.001744294 -0.0017961306    268.60803 
 5184000   0.00192249 -0.001926287     263.8359 
 5185000 0.0019556598 -0.0019863008    268.24957 
 5186000 0.0019235348 -0.0019669984    267.33087 
 5187000 0.0020368683 -0.0020864341    268.31296 
 5188000 0.0020888027 -0.0021580999    268.08001 
 5189000 0.0021128663 -0.0021306112    265.55291 
 5190000 0.0022472045 -0.0022963232    271.22894 
 5191000  0.002065219 -0.0021046029    271.38818 
 5192000 0.0020633351 -0.0021479263    265.34287 
 5193000 0.0019795477 -0.0020292344    264.45551 
 5194000 0.0019491753 -0.0019867166    267.70207 
 5195000 0.0019232508 -0.001936241    268.69382 
 5196000 0.0018943662 -0.001890469    264.76216 
 5197000 0.0020203342 -0.0020341455    261.82521 
 5198000 0.0020498719 -0.002068987    268.48515 
 5199000 0.0020021272 -0.0020646653    268.23013 
 5200000 0.0020618063 -0.0020770563    267.48897 
 5201000 0.0020880623 -0.0021005163    271.22003 
 5202000 0.0021653043  -0.00219457    270.37036 
 5203000 0.0020984184 -0.0021314687    269.99617 
 5204000 0.0021450631 -0.0021677846    273.18401 
 5205000 0.0021337553 -0.0021115221    274.76422 
 5206000 0.0023202634 -0.0022958655    270.77697 
 5207000 0.0022935177 -0.0022888694    265.69386 
 5208000 0.0022794381 -0.0022994015    264.96036 
 5209000  0.002401369 -0.0024033421    264.92533 
 5210000  0.002343628 -0.0023597571    268.01995 
 5211000 0.0024579435 -0.0024599415     265.5363 
 5212000 0.0024090724 -0.0024102676    271.08273 
 5213000  0.002492156 -0.0025018953    268.42583 
 5214000 0.0023152798 -0.0023302347    273.82466 
 5215000 0.0023477553 -0.0023613311    266.48703 
 5216000 0.0022990886 -0.0023191479     266.0396 
 5217000 0.0022490896 -0.0022843124    264.91251 
 5218000 0.0024397222 -0.0024685146    268.80493 
 5219000 0.0024055653 -0.0024215572    263.66161 
 5220000 0.0025251977 -0.0025162949    266.62246 
 5221000 0.0025189606 -0.0024954021    269.09982 
 5222000 0.0025733954 -0.0025892496    263.12253 
 5223000 0.0026182801 -0.0026178016    265.67953 
 5224000 0.0024778672 -0.0024874438    264.14225 
 5225000 0.0025490179 -0.0025384553    270.59361 
 5226000 0.0024736971 -0.0024583151    274.13714 
 5227000 0.0025470431 -0.0025321978    267.70248 
 5228000 0.0025073263 -0.0025091883    264.56652 
 5229000 0.0026450582 -0.0026518574    268.92367 
 5230000 0.0025915211 -0.0025947596    262.29777 
 5231000 0.0026571824 -0.0026485729    269.99225 
 5232000   0.00266002 -0.002680658    266.43115 
 5233000 0.0027356092 -0.0027592693    266.92448 
 5234000 0.0027271964 -0.0027459127    267.21513 
 5235000 0.0028266586 -0.0028608843    272.22929 
 5236000 0.0026434731 -0.0026417438    266.37249 
 5237000 0.0027741929 -0.0027827763    268.78588 
 5238000 0.0027744398 -0.002786211    269.46916 
 5239000 0.0029029474 -0.0029172524    271.60045 
 5240000 0.0027142023 -0.0027411315    272.05559 
 5241000 0.0027933357 -0.0028153711    266.51103 
 5242000  0.002670715 -0.0026728866    263.96169 
 5243000  0.002595364 -0.0026387563    270.70338 
 5244000 0.0026017332 -0.002618757    261.48259 
 5245000 0.0024337199 -0.0024621138    266.50061 
 5246000 0.0025898821 -0.0026178219    270.57669 
 5247000 0.0025819416 -0.0026100964    266.18804 
 5248000 0.0024086573 -0.0023740783    263.32198 
 5249000 0.0026818876 -0.0026889828    268.97459 
 5250000 0.0026800481 -0.0026861156    262.35671 
 5251000 0.0026795661 -0.0027082584    266.49672 
 5252000 0.0027154362 -0.0027284146    263.42247 
 5253000  0.002760126 -0.0027569657    265.79139 
 5254000 0.0027894391 -0.0027858339    271.15447 
 5255000 0.0027291394 -0.002752562    268.00528 
 5256000 0.0028236453 -0.0028517091    265.03942 
 5257000 0.0029009274 -0.0029172901    264.39115 
 5258000 0.0027185599 -0.0027117247    267.24797 
 5259000 0.0028279474 -0.0027994589    266.22702 
 5260000 0.0028690317 -0.0028799611    268.37648 
 5261000 0.0028896024 -0.0029016845    266.66301 
 5262000 0.0030081669 -0.002993416    267.43231 
 5263000 0.0028973818 -0.0029263319    269.26821 
 5264000 0.0027458182 -0.0027648175    272.07857 
 5265000 0.0028470903 -0.002838409     271.1217 
 5266000 0.0029452828 -0.0029442772    268.82203 
 5267000 0.0028885151 -0.0029271675    268.97686 
 5268000 0.0028955091 -0.0029046478    263.18444 
 5269000 0.0028155207 -0.0028067844    272.21684 
 5270000 0.0027679341 -0.0027664787     267.5222 
 5271000 0.0028441177 -0.0028490388    271.36393 
 5272000 0.0029321841 -0.0029263411    271.71825 
 5273000  0.002910389 -0.0029061253    267.30492 
 5274000 0.0028668362 -0.0028559972    267.71504 
 5275000  0.002756684 -0.0027441606     270.3846 
 5276000  0.002819427 -0.002810632    270.90639 
 5277000 0.0028846617 -0.0028810953    269.27658 
 5278000 0.0028798423 -0.0028408955    268.04031 
 5279000 0.0028220253 -0.0028013349    266.73995 
 5280000 0.0028213751 -0.0028095205    266.36746 
 5281000 0.0027944514 -0.0028209272     271.1568 
 5282000 0.0027994327 -0.0028109063    265.04473 
 5283000   0.00276269 -0.0027529711    270.22879 
 5284000 0.0025479994 -0.0025181971    267.05959 
 5285000 0.0027340281 -0.0027329733    264.72578 
 5286000 0.0028013371 -0.0027961574    265.95736 
 5287000 0.0029957903 -0.0029974629     270.1128 
 5288000 0.0028670325 -0.0028452598    273.12625 
 5289000  0.002711536 -0.0027100168    270.72658 
 5290000 0.0028242835 -0.0028383227     266.9402 
 5291000 0.0026211696 -0.0026045378    266.97854 
 5292000 0.0027220785 -0.0026756189    262.92367 
 5293000 0.0025953547 -0.0026053012    262.68968 
 5294000  0.002472588 -0.0024941807    269.40152 
 5295000 0.0024108723 -0.0024187025    266.91768 
 5296000 0.0023177486 -0.0023204837    269.88758 
 5297000 0.0023655188 -0.0023461592    263.68575 
 5298000 0.0025489115 -0.0024866224    262.96185 
 5299000 0.0024956368 -0.0024992139    262.43672 
 5300000 0.0025711634 -0.0025838951    270.10268 
 5301000 0.0025156351 -0.0025183576     270.3344 
 5302000 0.0024427798 -0.0024350021    270.43296 
 5303000 0.0027275747 -0.0027543675    263.73594 
 5304000 0.0026835804 -0.0026655058    267.58362 
 5305000 0.0026900322 -0.0027049112    265.60228 
 5306000 0.0026032359 -0.0026133134    270.59725 
 5307000 0.0025993602 -0.002613272    267.89265 
 5308000 0.0026081979 -0.0026103485    270.08511 
 5309000  0.002783708 -0.0027654963    262.61603 
 5310000  0.002629663 -0.002610178     266.5286 
 5311000 0.0025862542 -0.0026013011    266.68861 
 5312000 0.0026574136 -0.0026709922    264.97947 
 5313000  0.002639254 -0.0026819921    269.87256 
 5314000 0.0025940558 -0.002590647    270.52254 
 5315000 0.0025806043 -0.0025773126    266.46203 
 5316000 0.0026120148 -0.0026341479    269.54728 
 5317000  0.002577938 -0.0025953616    274.70292 
 5318000 0.0025755909 -0.0025843158    264.21434 
 5319000 0.0026601477 -0.0026333514    265.57785 
 5320000 0.0024730925 -0.0024736938    271.48722 
 5321000 0.0025309368 -0.0025208812     265.5806 
 5322000 0.0025414678 -0.0025707054    265.82774 
 5323000 0.0024665438 -0.0024907334    272.20956 
 5324000 0.0024130257 -0.0023949509     270.4806 
 5325000 0.0023992301 -0.0023887406    267.56608 
 5326000 0.0024545305 -0.0025028169    265.68436 
 5327000 0.0023431719 -0.0023161641    263.31713 
 5328000 0.0025141956 -0.0025094389    268.64203 
 5329000 0.0025894511 -0.0025839275    268.70946 
 5330000 0.0024414901 -0.0024636556      266.497 
 5331000 0.0024285608 -0.0024059049    269.94488 
 5332000 0.0024636799 -0.0024562179    267.03664 
 5333000 0.0023588832 -0.0023698327    269.63538 
 5334000 0.0025533036 -0.0025634892    269.34897 
 5335000 0.0024973232 -0.0024821326    268.82471 
 5336000  0.002437795 -0.0024468687    264.75313 
 5337000  0.002607332 -0.0025994937    269.34865 
 5338000 0.0025856036 -0.0025804396    266.33351 
 5339000 0.0024482888 -0.0024820543     266.8021 
 5340000 0.0025363149 -0.002543848    269.37275 
 5341000 0.0025644315 -0.0025249354     264.2851 
 5342000 0.0024616281 -0.0024897179    268.73624 
 5343000 0.0025248814 -0.0025787056     268.0649 
 5344000 0.0023759229 -0.0024087408    267.01564 
 5345000 0.0026086568 -0.0026114184    268.21274 
 5346000 0.0024264246 -0.0024643792    266.36108 
 5347000 0.0024304588 -0.0024282911    270.88531 
 5348000 0.0024773256 -0.0024883723    269.74288 
 5349000 0.0023957728 -0.0023889614    270.59513 
 5350000 0.0023829933 -0.0024017473    269.51087 
 5351000 0.0023369836 -0.0022901443    269.00184 
 5352000 0.0024006485 -0.0024003057    268.69288 
 5353000 0.0024489111 -0.002446387    271.07759 
 5354000 0.0024358235 -0.0024415301    267.19083 
 5355000 0.0023295453 -0.0023206409    265.63805 
 5356000 0.0023642404 -0.0023587887    258.24126 
 5357000 0.0022860546 -0.0022802964     268.3397 
 5358000 0.0023328889 -0.0023244675    267.89747 
 5359000 0.0023851423 -0.0023586523    267.99771 
 5360000 0.0022892957 -0.0023029045    263.97835 
 5361000 0.0022873536 -0.0023109089    267.88248 
 5362000 0.0023226322 -0.0023261449    269.53622 
 5363000 0.0021942389 -0.0022210523    272.66348 
 5364000 0.0024560785 -0.002449742    267.90585 
 5365000 0.0024150666 -0.0024099163    268.66275 
 5366000 0.0025499968 -0.0025665058    265.84783 
 5367000 0.0024179034 -0.0024236588    270.38447 
 5368000 0.0022667765 -0.0022852479    276.09097 
 5369000 0.0022802254 -0.0022666263    266.61364 
 5370000 0.0025419316 -0.0025593696     261.7994 
 5371000 0.0024768533 -0.0024547158    268.07124 
 5372000  0.002529185 -0.0025282007    269.02112 
 5373000   0.00251795 -0.0024843722    268.34896 
 5374000 0.0024344211 -0.0024481802    271.17464 
 5375000 0.0023361397 -0.0023334354    265.21707 
 5376000 0.0025227196 -0.0025265868    264.98861 
 5377000 0.0024669841 -0.0024481286     276.3336 
 5378000 0.0025190669 -0.002552302    269.69367 
 5379000 0.0025373281 -0.0025585253    266.17206 
 5380000  0.002573213 -0.0025633568    268.27581 
 5381000 0.0026263862 -0.0026169304    270.03841 
 5382000 0.0026070313 -0.0026217372    267.71258 
 5383000 0.0025692265 -0.0025739546    264.73712 
 5384000 0.0026284196 -0.0026222994    272.04068 
 5385000 0.0026812145 -0.0027060296     262.9497 
 5386000 0.0025622751 -0.0025248377    269.90031 
 5387000 0.0025301269 -0.0025340892    267.00316 
 5388000 0.0026039204 -0.0025848901    267.84355 
 5389000 0.0025580447 -0.0025535347    260.21317 
 5390000 0.0024097533 -0.0024392093    268.05571 
 5391000 0.0027371585 -0.0027422279    266.70302 
 5392000 0.0025877229 -0.0025886786    263.07641 
 5393000 0.0025982425 -0.0025877258    262.61289 
 5394000 0.0026182778 -0.0026204552    267.95834 
 5395000 0.0025932028 -0.0025985324    271.69299 
 5396000 0.0025659946 -0.002545646    266.53948 
 5397000 0.0025620741 -0.0025728761    264.85484 
 5398000 0.0025511651 -0.0025719429    265.27265 
 5399000 0.0025421996 -0.0025345221    269.07301 
 5400000 0.0025089843 -0.002517015    276.52173 
 5401000 0.0025799691 -0.0025540064    265.17065 
 5402000 0.0025190292 -0.0025238592    264.90396 
 5403000 0.0024845471 -0.0024526751    271.04786 
 5404000 0.0026859292 -0.0026907499    265.55477 
 5405000  0.002727073 -0.0027380576    271.36139 
 5406000 0.0024797009 -0.0024560882    265.74538 
 5407000 0.0025513128 -0.0025449833    270.07812 
 5408000 0.0024953459 -0.0024850311    262.86126 
 5409000 0.0024840255 -0.0024699562    269.57701 
 5410000 0.0026027483 -0.0026021499    265.80216 
 5411000  0.002489128 -0.0024652285    268.49359 
 5412000 0.0025062626 -0.0025114815     270.0602 
 5413000 0.0024465406 -0.0024257914    264.64717 
 5414000 0.0025720473 -0.0025974357    267.87502 
 5415000 0.0023451484 -0.0023580563    267.57718 
 5416000 0.0024509223 -0.0024242117    266.65847 
 5417000 0.0023228219 -0.0023486207    265.77882 
 5418000 0.0024554245 -0.0024494503     267.7022 
 5419000 0.0023156365 -0.0022969468    266.68309 
 5420000 0.0020533016 -0.0020746893     259.9199 
 5421000 0.0022354574 -0.0022369537    268.69682 
 5422000 0.0022751991 -0.0022439381     267.6823 
 5423000 0.0022704125 -0.0022849353     268.4216 
 5424000 0.0021720491 -0.0022065526    268.82485 
 5425000 0.0022480397 -0.0022615242    270.53312 
 5426000 0.0023191529 -0.0022822778    265.95458 
 5427000  0.002314575 -0.0023183542    267.28349 
 5428000 0.0023157953 -0.0023098493    270.07856 
 5429000 0.0023959167 -0.0024038211    263.73344 
 5430000 0.0023724132 -0.0023571172    268.19602 
 5431000 0.0023257812 -0.0023230765    268.99146 
 5432000 0.0023477224 -0.0023503713    265.98579 
 5433000 0.0023383386 -0.0023410137    265.36127 
 5434000 0.0024010768 -0.0023944104    270.65682 
 5435000 0.0024312096 -0.0024096319    263.70548 
 5436000 0.0022854089 -0.0023029276    272.18051 
 5437000 0.0023281154 -0.0023565737    263.44802 
 5438000 0.0023736124 -0.0023511656    266.26259 
 5439000 0.0022969344 -0.0023272099     266.0555 
 5440000 0.0024744742 -0.0024817144    263.52988 
 5441000 0.0025188347 -0.0025159131    268.18736 
 5442000 0.0024339509 -0.0024122089    269.75233 
 5443000 0.0024798633 -0.0024757979    272.24526 
 5444000 0.0025306918 -0.0024989463    270.36441 
 5445000 0.0023823363 -0.0024124665    263.89318 
 5446000 0.0024166133 -0.0024194403    267.09782 
 5447000 0.0022022979 -0.0022050812    270.72061 
 5448000 0.0025176308 -0.0025624947    267.44082 
 5449000 0.0023150252 -0.0023378354    270.10528 
 5450000 0.0021587761 -0.0021616684    264.60187 
 5451000 0.0021802115 -0.0021742594     270.5456 
 5452000 0.0023585114 -0.0023822111    266.21388 
 5453000 0.0023092446 -0.0023278109    267.29706 
 5454000 0.0023978382 -0.0024087136    271.44648 
 5455000 0.0024164838 -0.002445123    267.90268 
 5456000  0.002605543 -0.0026046395     272.0921 
 5457000 0.0025626511 -0.0025715291    269.08346 
 5458000 0.0024732257 -0.0024890794    268.91631 
 5459000  0.002539471 -0.002553198    266.38034 
 5460000 0.0025395086 -0.0025597264     265.2418 
 5461000 0.0024258832 -0.0024411075    268.28781 
 5462000 0.0025339181 -0.0025498252    269.50067 
 5463000 0.0024451254 -0.0024504096    268.53584 
 5464000 0.0025240083 -0.0025552777    266.57487 
 5465000 0.0026271588 -0.0026485438    269.59679 
 5466000 0.0025820329 -0.0025907641    263.95045 
 5467000 0.0026186257 -0.0026249741    269.73054 
 5468000 0.0024176195 -0.0024283913    270.02603 
 5469000 0.0023546612 -0.0023717206    266.59292 
 5470000 0.0025616094 -0.0026015124    267.42886 
 5471000 0.0026842909 -0.0026922265    265.09155 
 5472000 0.0026291727 -0.0026419804    267.26927 
 5473000  0.002431548 -0.002421273    269.46635 
 5474000 0.0023280332 -0.002371795    267.47559 
 5475000 0.0025689284 -0.0025864176    271.29891 
 5476000 0.0025561887 -0.0025478225    264.23123 
 5477000 0.0024453367 -0.0024560012    265.88773 
 5478000 0.0025424194 -0.0025501056     269.1052 
 5479000 0.0024775977 -0.0025095098    271.42427 
 5480000 0.0023135102 -0.0023441365    264.33688 
 5481000 0.0026662954 -0.0026883973     266.9281 
 5482000 0.0026576874 -0.002688521    273.78285 
 5483000 0.0025921135 -0.0025750482    266.44634 
 5484000 0.0025138942 -0.0025213823    267.90023 
 5485000 0.0026387839 -0.0026566303    266.33972 
 5486000 0.0025245472 -0.0025358766    263.36414 
 5487000 0.0024176073 -0.0024172951    268.45727 
 5488000 0.0024574127 -0.0024598339     270.9893 
 5489000 0.0023752151 -0.0024307127    266.93563 
 5490000 0.0024705321 -0.0025025159    272.01299 
 5491000 0.0024531035 -0.0024778806    269.40949 
 5492000 0.0023442186 -0.0023515379     271.2289 
 5493000 0.0022799123 -0.0022433427    265.91654 
 5494000 0.0023927925 -0.0023706869     265.1336 
 5495000 0.0023450409 -0.0023088668    274.22844 
 5496000 0.0023216736 -0.0023312224    270.82954 
 5497000  0.002378653 -0.0023564676     266.8435 
 5498000 0.0022892074 -0.0022377029    266.03369 
 5499000 0.0022587428 -0.0022480956    267.95626 
 5500000 0.0022941541 -0.0023071143    269.85714 
 5501000  0.002378596 -0.0023702879    263.44045 
 5502000 0.0023586779 -0.0023633883    267.18152 
 5503000 0.0023430974 -0.0023435956    265.96081 
 5504000 0.0023527523 -0.0023795176    267.77537 
 5505000 0.0023150575 -0.0023324925     267.8321 
 5506000 0.0024487907 -0.0024520866    271.74703 
 5507000 0.0023792122 -0.002385979    267.90398 
 5508000 0.0025178691 -0.0025351336    266.93792 
 5509000 0.0025189114 -0.0025023281    268.78064 
 5510000 0.0027036785 -0.0026844648    267.46639 
 5511000  0.002763958 -0.002773658    271.30841 
 5512000 0.0026324569 -0.0026513273    267.63074 
 5513000 0.0027476009 -0.0027591523    266.73863 
 5514000 0.0026168452 -0.0025902947    268.38316 
 5515000 0.0025253569 -0.002490709    266.57944 
 5516000 0.0025004624 -0.0024876031    268.04823 
 5517000 0.0024080991 -0.0023831105    273.48927 
 5518000 0.0024617806 -0.0024491423    269.92715 
 5519000 0.0025145748 -0.0025324054    270.06176 
 5520000 0.0024554214 -0.0024658334    267.05452 
 5521000  0.002630963 -0.0026058922    267.66479 
 5522000 0.0027883394 -0.0027715012    269.26158 
 5523000 0.0027185757 -0.0027125081    267.57346 
 5524000 0.0026329707 -0.0026283687    268.83215 
 5525000 0.0025310743 -0.0025604849    269.28114 
 5526000 0.0026777987 -0.0026803553     267.7669 
 5527000 0.0025494052 -0.0025797738    268.66041 
 5528000 0.0025146886 -0.0025528289    271.46821 
 5529000 0.0024914926 -0.0025084403    268.91911 
 5530000 0.0022944312 -0.0023037638    266.30291 
 5531000 0.0023543425 -0.0023687803    266.06196 
 5532000 0.0024374309 -0.0024653606    267.53725 
 5533000 0.0024540648 -0.0024659432    270.10812 
 5534000 0.0025604294 -0.0025525782    264.51821 
 5535000 0.0025744385 -0.0025907636    262.63395 
 5536000 0.0026276662 -0.0026713687    268.90524 
 5537000 0.0026191176 -0.0026203252    270.36249 
 5538000 0.0025120447 -0.0025448063    265.83244 
 5539000 0.0024886018 -0.002461263    267.06825 
 5540000 0.0025091247 -0.002532821    269.68445 
 5541000  0.002522751 -0.0025036157    266.04227 
 5542000 0.0024878215 -0.0025326374    269.86237 
 5543000 0.0025654787 -0.0025899345    264.23933 
 5544000 0.0026229752 -0.0026353255    268.39085 
 5545000 0.0026273296 -0.0026566036    273.72497 
 5546000 0.0026212709 -0.002617678    265.14814 
 5547000 0.0026414459 -0.0026662011    269.56859 
 5548000 0.0026012527 -0.0026615148     267.9822 
 5549000 0.0024735786 -0.0024788493    268.49313 
 5550000 0.0022756504 -0.0022766004     268.5197 
 5551000 0.0022603495 -0.0022860743    264.19621 
 5552000  0.002236592 -0.0022559842    268.38808 
 5553000 0.0023945629 -0.002404805    266.86116 
 5554000 0.0025772336 -0.0026344706    268.21766 
 5555000 0.0024868289 -0.0025164556    270.81474 
 5556000 0.0024213412 -0.0024680093    267.27224 
 5557000 0.0023121142 -0.0023191012    268.79824 
 5558000 0.0024984657 -0.0025233511     266.9489 
 5559000 0.0024116458 -0.0024248241    266.42409 
 5560000 0.0025303471 -0.0025344994    271.45782 
 5561000 0.0024629155 -0.0024826292    267.88622 
 5562000 0.0025235353 -0.0025145046    266.84284 
 5563000 0.0025116992 -0.0025021242    266.33763 
 5564000  0.002463351 -0.0024537772    267.76713 
 5565000 0.0024619141 -0.0024857728    267.79674 
 5566000 0.0023495483 -0.0023174042    268.97559 
 5567000 0.0022398917 -0.0022836269    269.01609 
 5568000 0.0023807734 -0.0023660806    269.80185 
 5569000 0.0023409053 -0.0023174263    264.33839 
 5570000 0.0022476412 -0.0022507048    267.10194 
 5571000 0.0022293663 -0.0022745908    269.94881 
 5572000 0.0022515305 -0.0022313862    264.80874 
 5573000 0.0025241715 -0.0025884859    272.98538 
 5574000 0.0024905381 -0.0025115418    273.55334 
 5575000 0.0022545031 -0.0022473586    266.98309 
 5576000 0.0024402562 -0.0024382141    261.63347 
 5577000 0.0021685386 -0.0021926773    264.61327 
 5578000 0.0020639589 -0.0020741433    265.30945 
 5579000 0.0022039582 -0.0021737834    268.92152 
 5580000 0.0023825684 -0.0023988212     262.5101 
 5581000  0.002354249 -0.0023676452    270.36572 
 5582000 0.0024684559 -0.0024730775    266.23374 
 5583000 0.0024368581 -0.0024461411    268.84371 
 5584000 0.0023867789 -0.0023902073    268.68969 
 5585000 0.0024492942 -0.0024473951    264.78777 
 5586000 0.0022574406 -0.0023115872     272.7897 
 5587000 0.0023337065 -0.0023721453    259.20703 
 5588000 0.0021749777 -0.0021672791    267.74614 
 5589000 0.0023068909 -0.002336221    271.66731 
 5590000 0.0023609662 -0.0023828916    266.31288 
 5591000 0.0021812893 -0.0022285972     267.7032 
 5592000 0.0022921805 -0.0023423718    268.47352 
 5593000 0.0021295195 -0.0021610886    263.87883 
 5594000 0.0023118495 -0.0023498731    267.56635 
 5595000 0.0022380304 -0.0022730936    267.77301 
 5596000 0.0022330639 -0.0022936136    267.85893 
 5597000 0.0023327828 -0.0023519117    268.44689 
 5598000 0.0022134596 -0.0022113585    270.13031 
 5599000 0.0021349684 -0.0021521616    264.12309 
 5600000 0.0021621572 -0.0021866923    272.07074 
 5601000 0.0021706928 -0.0021932179    268.22398 
 5602000 0.0023477102 -0.0023709384    267.52487 
 5603000 0.0023819622 -0.0024119396    265.53959 
 5604000 0.0023264712 -0.0023517737    265.23525 
 5605000 0.0023154974 -0.0023404705    267.08837 
 5606000 0.0023502902 -0.0023375864    264.21952 
 5607000 0.0024722744 -0.0025460584    267.85683 
 5608000  0.002532667 -0.0025402838    270.44992 
 5609000 0.0026231476 -0.0026291584    272.39434 
 5610000 0.0025581171 -0.0025602372    269.36506 
 5611000 0.0024651381 -0.0024820339    268.39637 
 5612000 0.0024885695 -0.0024790741    267.19759 
 5613000 0.0025025243 -0.002500497    266.83577 
 5614000  0.002572789 -0.0025875972    264.27228 
 5615000 0.0025048228 -0.0024807164    266.28192 
 5616000 0.0024912805 -0.0025433426    267.79887 
 5617000 0.0023182778 -0.0023335739    265.63411 
 5618000 0.0024498937 -0.0024618023    270.80512 
 5619000 0.0023310938 -0.002344189    268.43135 
 5620000 0.0024075749 -0.0024204697    267.27281 
 5621000 0.0023996949 -0.0023948853    268.58007 
 5622000 0.0023282579 -0.0023218487    270.71625 
 5623000 0.0023891698  -0.00236689     270.6852 
 5624000 0.0023804269 -0.0023947795    269.97373 
 5625000 0.0024454151 -0.0024486415    264.04154 
 5626000 0.0023156198 -0.002298564    266.32573 
 5627000 0.0025308489 -0.0025166601    271.22113 
 5628000 0.0022906591 -0.0022960815    266.86932 
 5629000 0.0022628008 -0.0022648656    270.78904 
 5630000 0.0023207431  -0.00231768    274.25451 
 5631000 0.0022577731 -0.0022888434    268.17468 
 5632000 0.0023689005 -0.0023895872    265.67541 
 5633000 0.0023180368 -0.0022970639    267.35578 
 5634000 0.0023940379 -0.0024182275    260.65627 
 5635000 0.0023671601 -0.0023808137    261.94675 
 5636000  0.002281671 -0.0023016512    268.48161 
 5637000 0.0023715285 -0.002408185    262.85509 
 5638000 0.0022959147 -0.0023093145    267.04731 
 5639000 0.0023173287 -0.0023288856    273.08601 
 5640000 0.0022943164 -0.0023082746    266.32528 
 5641000 0.0023863483 -0.002405568    270.95091 
 5642000 0.0024067037 -0.0024135671    267.86838 
 5643000 0.0023044062 -0.0023087615    270.09522 
 5644000  0.002333028 -0.0023730549    269.62971 
 5645000 0.0023948743 -0.0024077354    267.05371 
 5646000 0.0024146466 -0.0024196176    264.39604 
 5647000 0.0023612569 -0.0023818383    269.86169 
 5648000 0.0025217424 -0.0025531758     265.5835 
 5649000 0.0023769347 -0.002383957    270.59111 
 5650000 0.0024728687 -0.0024427585    267.88637 
 5651000 0.0024462408 -0.0024549313    267.96195 
 5652000 0.0024595573 -0.0025002656    265.97696 
 5653000 0.0023612119 -0.0023800157     272.8804 
 5654000 0.0025049399 -0.0024880525    260.31662 
 5655000 0.0022942308 -0.0023060437    265.73461 
 5656000 0.0023123193 -0.0023476233    265.55092 
 5657000 0.0023577667 -0.0023642279    267.68773 
 5658000 0.0022699797 -0.0022757468     271.2006 
 5659000 0.0022194247 -0.0022177949    270.55083 
 5660000 0.0023675018 -0.0023908416    264.89963 
 5661000 0.0024018188 -0.0024340742    266.88671 
 5662000 0.0023120674 -0.0023501588     268.1178 
 5663000 0.0021949265 -0.0021942684    267.24018 
 5664000 0.0022278223 -0.0022565929    267.71655 
 5665000 0.0023832061 -0.0024025517    265.92987 
 5666000 0.0025329504 -0.0025589018    266.66056 
 5667000 0.0025158703 -0.0025709339    265.63113 
 5668000 0.0025372755 -0.0025369713    271.66052 
 5669000 0.0024137842 -0.0024556041    268.05126 
 5670000  0.002458369 -0.0024739485    276.23838 
 5671000 0.0024542054 -0.0024825505    267.56091 
 5672000 0.0022728338 -0.0023046721    266.23355 
 5673000 0.0022725591 -0.0022566758    264.68662 
 5674000 0.0025231033 -0.0025568853    269.41048 
 5675000 0.0024601963 -0.0024860725    263.49567 
 5676000 0.0023522575 -0.0023613202    272.05731 
 5677000 0.0023459212 -0.0023823849    269.25384 
 5678000 0.0023923743 -0.0024071507     267.6577 
 5679000  0.002396624 -0.0023603714    275.41541 
 5680000 0.0025657484 -0.0025960124    262.88501 
 5681000 0.0023476008 -0.0023774849    265.78606 
 5682000 0.0024747616 -0.0025039876    262.41865 
 5683000 0.0025308643 -0.0025227346    264.27141 
 5684000 0.0023328519 -0.0023466942    266.48599 
 5685000 0.0024514392 -0.0024436255    266.27508 
 5686000  0.002482933 -0.0025125982    269.75664 
 5687000 0.0025126567 -0.0025159885    264.65798 
 5688000 0.0023707664 -0.0023668476    264.54719 
 5689000  0.002393369 -0.0024066993    268.26616 
 5690000 0.0023465045 -0.0023433327    262.45057 
 5691000 0.0024102833 -0.0024335057    266.22251 
 5692000 0.0024870365 -0.0024618981    270.06159 
 5693000 0.0024559294 -0.0024800927    268.67285 
 5694000 0.0024917612 -0.002514736    271.72334 
 5695000 0.0026181786 -0.0026263376    272.72724 
 5696000  0.002345701 -0.002315876    266.01699 
 5697000 0.0023395841 -0.0023259848    270.01981 
 5698000 0.0022865372 -0.002318328     267.7078 
 5699000 0.0023237772 -0.002318758    263.20608 
 5700000 0.0020730323 -0.0021161043    265.35622 
 5701000 0.0021959161 -0.0021771868    268.38015 
 5702000  0.002251101 -0.0022806466    266.43187 
 5703000 0.0022970241 -0.0023037437    268.67621 
 5704000 0.0022654962 -0.0022638086    267.83425 
 5705000 0.0023653416 -0.0023554058    265.28291 
 5706000 0.0022708976 -0.0022880302    266.00417 
 5707000 0.0023675873 -0.0023846467    269.77395 
 5708000  0.002378804 -0.0023879847    269.22569 
 5709000 0.0022882084 -0.0022768737    262.88646 
 5710000 0.0023157448 -0.0023027599     271.2036 
 5711000 0.0021693035 -0.0021721128    271.81703 
 5712000 0.0023199858 -0.0023343499    273.37803 
 5713000 0.0023534667 -0.0023292976    272.07239 
 5714000 0.0024454037 -0.0024376127    268.92293 
 5715000 0.0022515164 -0.0022667374    267.13739 
 5716000 0.0024444886 -0.0024622945    273.98647 
 5717000 0.0022198406 -0.0022223117    269.93174 
 5718000 0.0023734798 -0.0024167214    268.80074 
 5719000 0.0024885352 -0.0024967233    270.64951 
 5720000 0.0024549077 -0.0024910432    270.12543 
 5721000 0.0024719682 -0.002511395    264.54684 
 5722000 0.0025795467 -0.0025921586    273.45705 
 5723000 0.0025553324 -0.002570248    270.46986 
 5724000  0.002463917 -0.0024633122    269.99078 
 5725000 0.0025941767 -0.0026028677    263.73341 
 5726000 0.0024833197 -0.002479406    264.95457 
 5727000 0.0024594478 -0.0024666431    267.28532 
 5728000 0.0026444379 -0.0026530097    266.62197 
 5729000 0.0026575894 -0.0026521927    267.08761 
 5730000 0.0024691934 -0.0024650096    264.71718 
 5731000 0.0023895176 -0.002422117    269.68492 
 5732000 0.0024094351 -0.0024251118    268.77404 
 5733000 0.0025668088 -0.0025606134    269.57732 
 5734000 0.0023992351 -0.0024250804    267.83791 
 5735000 0.0022636697 -0.0022673033    267.40909 
 5736000 0.0024951347 -0.0025249843    266.43265 
 5737000 0.0025205642 -0.0025386942    266.36532 
 5738000 0.0022969582 -0.0022805848    268.85558 
 5739000 0.0023868668 -0.002393119    269.95099 
 5740000 0.0022775939 -0.0022842408    270.21859 
 5741000 0.0023374393 -0.0023601885    266.17209 
 5742000  0.002513781 -0.0025141453    269.91346 
 5743000  0.002409475 -0.002444281    268.20714 
 5744000 0.0024301779 -0.0024200856    271.92969 
 5745000 0.0024389936 -0.0024547457     264.7653 
 5746000 0.0025512361 -0.002549815    268.57561 
 5747000 0.0025375419 -0.0025312024    273.04208 
 5748000 0.0025452566 -0.0025737043    264.83786 
 5749000 0.0026869596 -0.0027392746      270.071 
 5750000 0.0025815442 -0.0025818502    271.92411 
 5751000 0.0024888032 -0.0025158581    271.42505 
 5752000 0.0025267248 -0.0025510686    263.34625 
 5753000 0.0026186441 -0.0026020242    269.25196 
 5754000 0.0024998923 -0.0025076386    271.55619 
 5755000 0.0025604068 -0.0025806385    265.70746 
 5756000 0.0025242161 -0.0025180611    267.35166 
 5757000 0.0025855783 -0.0026130029    270.01026 
 5758000 0.0025041045 -0.0025262875    268.40485 
 5759000 0.0026980718 -0.0026728145    270.41104 
 5760000 0.0025052055 -0.0024879662    273.07958 
 5761000 0.0023952788 -0.0024038827    266.25132 
 5762000 0.0023444145 -0.0023374429    268.14651 
 5763000  0.002357782 -0.0023351543    266.69636 
 5764000 0.0024358529 -0.0024275568    269.28822 
 5765000 0.0024517817 -0.0024751028    263.75034 
 5766000 0.0024044367 -0.0023983896    273.05048 
 5767000 0.0025121832 -0.0025373943    267.42472 
 5768000 0.0025320637 -0.0025169752    268.16517 
 5769000 0.0025961199 -0.0026117879    270.46331 
 5770000 0.0025253464 -0.0025376138    267.64629 
 5771000 0.0025005288 -0.0025338437    269.24192 
 5772000 0.0023780939 -0.0023925472    264.64755 
 5773000 0.0024509645 -0.0024830802    271.47622 
 5774000 0.0025748455 -0.0025913111    270.49229 
 5775000 0.0026965155 -0.002703654    267.14698 
 5776000 0.0026799322 -0.0026608023    264.96028 
 5777000 0.0026822125 -0.0027259059    268.04326 
 5778000 0.0025708725 -0.0025896436    272.21366 
 5779000 0.0026552942 -0.002669758    268.28374 
 5780000 0.0025883099 -0.0026238604      268.173 
 5781000 0.0026561959 -0.0026498259    268.19487 
 5782000 0.0026085272 -0.002645479    266.05707 
 5783000 0.0024694012 -0.002505005    267.08759 
 5784000 0.0025502637 -0.0025684655    271.78032 
 5785000 0.0024624464 -0.0024590834    270.96452 
 5786000 0.0024660778 -0.0024551197    270.28493 
 5787000 0.0024474909 -0.0024421613    266.31667 
 5788000   0.00248449 -0.0025066188    268.88593 
 5789000 0.0025930109 -0.0026346435    269.55475 
 5790000 0.0026028026 -0.0026108221    267.92496 
 5791000 0.0026275992 -0.0026273056    263.80853 
 5792000 0.0025138347 -0.0025418814    267.71993 
 5793000 0.0025822521 -0.0025915565    267.44244 
 5794000 0.0027799132 -0.002800769    268.88647 
 5795000 0.0026267991 -0.0026045591    267.83959 
 5796000 0.0024518755 -0.0025046736    265.97362 
 5797000 0.0023265829 -0.0023372637    269.42271 
 5798000 0.0025025691 -0.0025191267    272.87047 
 5799000 0.0022861386 -0.002308774     265.3313 
 5800000 0.0022291811 -0.0022548234    266.68226 
 5801000 0.0023211623 -0.0023360601    267.25851 
 5802000 0.0024211235 -0.0024493939    264.26709 
 5803000 0.0023883688 -0.0024202337    263.83333 
 5804000 0.0025244829 -0.0025391914     269.7546 
 5805000  0.002568662 -0.0025883578     265.3423 
 5806000 0.0026151623 -0.0026586836    268.15093 
 5807000 0.0024823227 -0.0025071439     264.6647 
 5808000 0.0025748717 -0.0026257233    263.71255 
 5809000 0.0027909696 -0.0028084027    264.67155 
 5810000 0.0024190468 -0.0024273517    267.05201 
 5811000 0.0025164061 -0.0025462758    269.46971 
 5812000 0.0025894565 -0.0025822148    270.21036 
 5813000 0.0025466745 -0.0025416309    268.10129 
 5814000 0.0024475925 -0.0024816395    269.59412 
 5815000 0.0025258544 -0.0025612524    265.68592 
 5816000 0.0026475957 -0.0026815545    266.47476 
 5817000 0.0026199392 -0.0026515769     266.2251 
 5818000 0.0025704793 -0.0025892987    270.48333 
 5819000 0.0025779897 -0.0025961792    273.03146 
 5820000 0.0024980137 -0.0025217177    261.79052 
 5821000 0.0025857087 -0.0026306831    266.76462 
 5822000 0.0024463397 -0.002478482    265.29333 
 5823000 0.0025829393 -0.0025978407    265.06119 
 5824000 0.0024320169 -0.0024489936    268.13642 
 5825000 0.0024939711 -0.0025544617    267.77626 
 5826000 0.0024473464 -0.0024992992    269.88566 
 5827000 0.0025173258 -0.0025338677    267.44194 
 5828000 0.0026190745 -0.0026441823    265.01585 
 5829000 0.0027011348 -0.0027261614    265.94901 
 5830000 0.0025796098 -0.0026344742    264.90147 
 5831000 0.0025515698 -0.0025601012    271.07464 
 5832000 0.0026280955 -0.0026706148    270.52927 
 5833000 0.0025071512 -0.0025203413    268.96169 
 5834000 0.0027138359 -0.0027256458    270.84028 
 5835000 0.0026421933 -0.0026777127    268.36544 
 5836000 0.0026094469 -0.0026168313    270.25458 
 5837000 0.0025964379 -0.0025801225     267.4115 
 5838000 0.0025881871 -0.0025943943    265.31754 
 5839000 0.0026001537 -0.002587207    269.11674 
 5840000 0.0027417885 -0.0027569882    264.76441 
 5841000 0.0027849451 -0.0028430855    265.44601 
 5842000 0.0025366628 -0.0025322188    268.64118 
 5843000 0.0026178802 -0.002650761    270.85919 
 5844000 0.0026114294 -0.0026518297    265.82392 
 5845000 0.0025097395 -0.0025032401    264.78348 
 5846000 0.0026585192 -0.0026799774    271.60197 
 5847000 0.0027117937 -0.0027067141    268.19522 
 5848000 0.0026602281 -0.0026835819    271.29909 
 5849000 0.0027240685 -0.0027395474    265.97873 
 5850000 0.0027351594 -0.0027332693    268.60503 
 5851000 0.0027755671 -0.002801164     270.1819 
 5852000 0.0027319651 -0.0027455483    264.37765 
 5853000 0.0026833879  -0.00270809    268.48838 
 5854000 0.0026178773 -0.002601983    270.07785 
 5855000 0.0027372371 -0.0027966488    269.22881 
 5856000 0.0027527828 -0.0027768487    270.51975 
 5857000 0.0028317081 -0.0028493489    262.29639 
 5858000 0.0027595423 -0.0028119521    264.84539 
 5859000 0.0027202396 -0.0027908745    269.68502 
 5860000 0.0027614479 -0.0027825729    268.84269 
 5861000 0.0027733257 -0.0028058355    264.18572 
 5862000 0.0026460443 -0.0026732095    270.35005 
 5863000 0.0026272935 -0.0026607707    272.68605 
 5864000 0.0026477812 -0.0026904852    266.31091 
 5865000  0.002695128 -0.0026948449    260.34546 
 5866000 0.0026650192 -0.002701669    262.48329 
 5867000 0.0027985647 -0.0027852884    262.81863 
 5868000 0.0026857112 -0.0026936281    263.82845 
 5869000 0.0024636547 -0.0024716344    267.37704 
 5870000 0.0026236522 -0.0026214532     269.2101 
 5871000 0.0024749584 -0.0025250555    264.39086 
 5872000 0.0025285695 -0.0025890293     266.4926 
 5873000  0.002547073 -0.0025680711    272.25769 
 5874000 0.0024558377 -0.0024478888    267.72765 
 5875000  0.002721312 -0.0027195058    260.78523 
 5876000 0.0025530694 -0.0025720487    262.74934 
 5877000 0.0025143724 -0.0025032545    266.42501 
 5878000  0.002405857 -0.0024220519     265.2338 
 5879000 0.0025295854 -0.0025303881    262.24848 
 5880000 0.0025239724 -0.0025609478    259.24366 
 5881000 0.0024209752 -0.0024212142    270.27501 
 5882000  0.002577141 -0.0025867384    265.33106 
 5883000 0.0025286073 -0.0025128013    269.92428 
 5884000 0.0026701285 -0.0026786007    266.67763 
 5885000 0.0027426546 -0.0027431592    263.58133 
 5886000 0.0028116015 -0.0028048456    267.35851 
 5887000 0.0026336526 -0.0026318456     265.5258 
 5888000 0.0028025961 -0.0028422897    267.71233 
 5889000 0.0026737955 -0.0026686626    265.68348 
 5890000 0.0028543376 -0.0028311962    268.66377 
 5891000 0.0027568022 -0.0027795156    265.66352 
 5892000 0.0029711881 -0.0029818874    267.28338 
 5893000 0.0026522178 -0.0026560894    261.32204 
 5894000 0.0029350508 -0.0029252788    268.80273 
 5895000 0.0027332572 -0.0027079796    262.31135 
 5896000 0.0027666448 -0.002796182    265.44474 
 5897000 0.0027563612 -0.0027927348    263.76996 
 5898000 0.0026803473 -0.0026905069    268.64792 
 5899000 0.0029902271 -0.0030015512    269.81089 
 5900000 0.0029511909 -0.0029682242    269.92341 
 5901000 0.0028866191 -0.0029360715    267.95256 
 5902000 0.0027942506 -0.0028066342    270.68975 
 5903000 0.0028090438 -0.0028265036    266.29122 
 5904000 0.0029712421 -0.0029732539    268.46247 
 5905000 0.0029610364 -0.0030071216    273.09546 
 5906000 0.0028420368 -0.0028423858    265.77032 
 5907000 0.0026136163 -0.002617697    269.12478 
 5908000 0.0029894159 -0.0030401177    268.78607 
 5909000 0.0029828118 -0.0030402624    268.16471 
 5910000 0.0029553155 -0.0029875395    271.63004 
 5911000 0.0026608743 -0.0026896196    273.16148 
 5912000 0.0026108407 -0.0026442951    267.23538 
 5913000 0.0025469316 -0.0025953873    265.37295 
 5914000 0.0025262808 -0.0025412059    270.59919 
 5915000 0.0025952207 -0.0026392807    266.28445 
 5916000 0.0027050241 -0.0027405337    264.43403 
 5917000 0.0025991396 -0.0026181028    271.16338 
 5918000 0.0025146671 -0.0025562856    268.39651 
 5919000 0.0027379974 -0.0027757644    268.84777 
 5920000 0.0026734206 -0.0027313756    270.46354 
 5921000 0.0024885554 -0.0025059078    269.76186 
 5922000 0.0025528777 -0.0025692405    268.70357 
 5923000 0.0026395412 -0.0026736015    266.24035 
 5924000  0.002567589 -0.002598802    266.07038 
 5925000 0.0025396383 -0.0025521586    270.17055 
 5926000 0.0025985295 -0.0026331082    267.66724 
 5927000  0.002550767 -0.0025567652    266.60632 
 5928000 0.0026426117 -0.0026507237    266.93325 
 5929000 0.0025755989 -0.0026107235    273.92898 
 5930000 0.0026485047  -0.00266677     270.7197 
 5931000 0.0025243974 -0.0025630495    264.70705 
 5932000 0.0024901074 -0.0025492945    268.81823 
 5933000 0.0025642472 -0.0025509818    269.89318 
 5934000 0.0027302382 -0.0028021893    269.13276 
 5935000 0.0027276478 -0.0027318675    269.61758 
 5936000 0.0027208871 -0.002747193    268.78057 
 5937000  0.002701454 -0.0027187089    268.76209 
 5938000  0.002445234 -0.0024496687    270.60075 
 5939000 0.0027403538 -0.0027843495     266.4913 
 5940000 0.0026780668 -0.0026964577    265.86842 
 5941000 0.0025904144 -0.002636819    269.16406 
 5942000 0.0025477138 -0.0025473845    274.77889 
 5943000 0.0026862162 -0.0027100035    269.53066 
 5944000 0.0026802385 -0.002687459    269.18846 
 5945000 0.0025963391 -0.0026429135    265.66486 
 5946000 0.0027360721 -0.0027581164    270.54662 
 5947000 0.0026784004 -0.002692635    268.06141 
 5948000 0.0026825697 -0.0027138583    268.41054 
 5949000 0.0025922586 -0.0026150081    266.49569 
 5950000 0.0027589724 -0.0027882034    269.58329 
 5951000  0.002627755 -0.0026423816     268.1197 
 5952000 0.0026673001 -0.0027081009    265.04422 
 5953000 0.0026695019 -0.0026898648    273.29136 
 5954000 0.0024942187 -0.0025169743    270.18543 
 5955000 0.0026037807 -0.0026304637     266.0975 
 5956000 0.0025817024 -0.0025917687    268.96344 
 5957000 0.0024840478 -0.002474045    268.82888 
 5958000 0.0025291225 -0.0025110107    274.04288 
 5959000 0.0025529432 -0.0025753347    265.12848 
 5960000 0.0026167724 -0.0025996293     268.7365 
 5961000 0.0026238338 -0.0026392475    267.86665 
 5962000 0.0025774576 -0.002581327    270.36828 
 5963000  0.002657435 -0.0026897928    271.93249 
 5964000 0.0025621671  -0.00256857    268.10904 
 5965000 0.0024070739 -0.0024181846    265.56431 
 5966000 0.0024867046 -0.0025320163    268.49385 
 5967000 0.0024267237 -0.0024687205     268.4937 
 5968000 0.0024191683 -0.0024630354    266.32639 
 5969000 0.0023963377 -0.0024179928    264.31427 
 5970000  0.002347555 -0.0023712109    265.99324 
 5971000 0.0024409912 -0.0024699103    266.27397 
 5972000 0.0025122047 -0.002529867    271.64316 
 5973000 0.0025144337 -0.0025685295    265.62481 
 5974000 0.0024190196 -0.0024275905     269.8991 
 5975000 0.0023128452 -0.0023016922    261.79391 
 5976000 0.0022861095 -0.0023006054    266.83022 
 5977000 0.0023581197 -0.0023849456    268.82763 
 5978000 0.0023224973 -0.0023355285    267.33327 
 5979000 0.0021685718 -0.002171887    272.43052 
 5980000 0.0023453345 -0.0023372941     265.5948 
 5981000 0.0022490877 -0.0022314011    265.86281 
 5982000 0.0022965032 -0.0022562655     276.5052 
 5983000 0.0023004108 -0.0023243584     268.7054 
 5984000 0.0022671897 -0.0022712236    266.15806 
 5985000  0.002256389 -0.0022907872    268.46533 
 5986000 0.0024766181 -0.0024546215    268.75366 
 5987000 0.0023248192 -0.0023323023    263.66399 
 5988000 0.0023570514 -0.0023977798    268.70965 
 5989000 0.0023880963 -0.0024230923    263.85915 
 5990000 0.0024527728 -0.0024541111    261.96428 
 5991000  0.002587764 -0.002612953    270.01841 
 5992000 0.0024350955 -0.0024296139    269.78137 
 5993000 0.0026565359 -0.0026459377    267.04483 
 5994000 0.0024975132 -0.0025056833    270.20941 
 5995000  0.002485489 -0.0025035661    264.61077 
 5996000 0.0026529343 -0.0026740321    265.91134 
 5997000  0.002451613 -0.0024591921    266.07524 
 5998000 0.0026109029 -0.0026141718    259.39679 
 5999000 0.0025606499 -0.0025664234    267.02639 
 6000000 0.0024916557 -0.0025048623    265.64712 
 6001000 0.0024233753 -0.0024233366    270.02274 
 6002000 0.0024215611 -0.0024555259    269.43243 
 6003000  0.002414409 -0.0024192451    270.94372 
 6004000 0.0023205573 -0.002340944    272.41922 
 6005000 0.0023427031 -0.0023736905    266.98278 
 6006000 0.0023806358 -0.0023882128    271.51719 
 6007000  0.002351092 -0.0023284735    263.49802 
 6008000 0.0023337986 -0.002362844    267.51733 
 6009000 0.0025441087  -0.00257026    267.97269 
 6010000 0.0025953447 -0.0025952593    267.70634 
 6011000 0.0025812318 -0.0025866613     269.5371 
 6012000 0.0026741097 -0.0027069495    268.09643 
 6013000 0.0024052942 -0.0024086348    269.61323 
 6014000 0.0025559091 -0.0025641044    269.42401 
 6015000 0.0024173928 -0.002420913    265.49658 
 6016000 0.0025054663 -0.002486025    272.31858 
 6017000 0.0024359615 -0.0024200446    271.35948 
 6018000 0.0024946475 -0.0025119223    263.98602 
 6019000  0.002467186 -0.0024779261    267.59181 
 6020000 0.0026416953 -0.0026752323    266.90234 
 6021000 0.0026782219 -0.0027150907    267.35856 
 6022000 0.0025935758 -0.0026016195     266.6624 
 6023000 0.0025434614 -0.0025571899    274.95278 
 6024000 0.0025966268 -0.002622137    270.89694 
 6025000 0.0023275317 -0.0023481695    264.69799 
 6026000 0.0022068649 -0.0022588128    265.21269 
 6027000 0.0022730215 -0.0023170406    264.99155 
 6028000 0.0024139678 -0.0024596304    268.08464 
 6029000 0.0022333372 -0.0022596165    266.83848 
 6030000 0.0023213628 -0.0023113196    268.08253 
 6031000 0.0022887672 -0.0023295265    267.29615 
 6032000 0.0022916824 -0.0023360484    264.67559 
 6033000 0.0022680218 -0.0022541643    268.16808 
 6034000 0.0022245252 -0.0022376092    260.88359 
 6035000 0.0022516397 -0.0022714725    265.26769 
 6036000 0.0023391692 -0.0023331571    268.87396 
 6037000 0.0023779942 -0.0023856227      266.134 
 6038000 0.0022067101 -0.002211053    267.66662 
 6039000  0.002292192 -0.0022802908    264.73555 
 6040000 0.0023237739 -0.0023289766    267.56652 
 6041000 0.0023997265 -0.0024051218    268.85843 
 6042000 0.0023491611 -0.0023634552    268.82676 
 6043000 0.0023836145 -0.0023742611    265.73845 
 6044000 0.0023996237 -0.0024015526    263.46074 
 6045000 0.0022809406 -0.0022854592    263.35605 
 6046000 0.0024257491 -0.0023988053    264.27116 
 6047000 0.0025825816 -0.0025675491    263.72224 
 6048000 0.0023689695 -0.0023605038    270.76441 
 6049000 0.0024486765 -0.0024705352    266.34389 
 6050000 0.0022996619 -0.0022832227    264.90129 
 6051000 0.0023318861 -0.0023048934    267.36694 
 6052000 0.0024650158 -0.002477074    270.29916 
 6053000  0.002409663 -0.0024086483    267.59134 
 6054000 0.0022211614 -0.0022145934    268.42218 
 6055000 0.0023681515 -0.0023652146     262.9834 
 6056000 0.0022734629 -0.0022921357     266.1909 
 6057000 0.0023509992 -0.0023405791    267.26216 
 6058000 0.0023071973 -0.0022951541     269.8163 
 6059000  0.002282289 -0.0022826353    265.08304 
 6060000 0.0021524973 -0.0021697653       267.82 
 6061000 0.0023774419 -0.0024325845    265.82862 
 6062000 0.0022056486 -0.0022237242    269.19355 
 6063000 0.0022795738 -0.0022788764    266.53843 
 6064000 0.0023698553 -0.0023772963    266.39077 
 6065000 0.0022233462 -0.0022235177    271.90019 
 6066000 0.0022385954 -0.0022692213    266.74376 
 6067000 0.0021963945 -0.0022499301    271.12617 
 6068000 0.0024224747 -0.0024645344    267.51888 
 6069000 0.0024497933 -0.002454393    269.66916 
 6070000  0.002443569 -0.0024515065    267.79869 
 6071000 0.0023824474 -0.0023879259    267.93884 
 6072000 0.0024629054 -0.0024617257    264.91338 
 6073000 0.0025702789 -0.002565262    264.17881 
 6074000 0.0024429542 -0.0024917099    264.19442 
 6075000 0.0023267916 -0.0023572219    269.59791 
 6076000 0.0022329937 -0.0022215551    262.53458 
 6077000 0.0022057816 -0.0022058154    265.20624 
 6078000 0.0022282259 -0.002209363    269.49367 
 6079000 0.0022564127 -0.0023019415    265.88895 
 6080000 0.0022687033 -0.0022821989    270.25281 
 6081000 0.0023114889 -0.0023015018    266.12009 
 6082000 0.0021586719 -0.0022000063    272.25076 
 6083000 0.0021193593 -0.0021260183    273.14867 
 6084000 0.0022540573 -0.002239573     266.4538 
 6085000 0.0021411925 -0.0021312077    267.31877 
 6086000 0.0022285136 -0.0022348846    268.92146 
 6087000 0.0022655826 -0.0022498592    267.05358 
 6088000 0.0022887007 -0.002274015    262.39761 
 6089000 0.0022078355 -0.0022298264    267.10504 
 6090000 0.0023829604 -0.0023892326    267.35248 
 6091000 0.0023479079 -0.0023405798    270.02162 
 6092000 0.0024215033 -0.0023816467    267.65896 
 6093000 0.0023447428 -0.0023811085    271.02811 
 6094000 0.0024185467 -0.0023983732    269.53732 
 6095000 0.0023945291 -0.0024201374    266.20935 
 6096000 0.0024459151 -0.0024753142    267.49182 
 6097000 0.0024662753 -0.0024705959    264.40445 
 6098000 0.0025213709 -0.0025750097    266.51574 
 6099000 0.0023964572 -0.0024518785    263.99044 
 6100000 0.0024540944 -0.0024415036    268.05142 
 6101000 0.0023668966 -0.002358533    267.14073 
 6102000 0.0023330735 -0.0023506374    263.55821 
 6103000 0.0023475678 -0.0023719648    265.88119 
 6104000 0.0023132686 -0.0023183126    268.94519 
 6105000 0.0021815326 -0.002217642    264.17492 
 6106000 0.0022029281 -0.0022398589     266.3786 
 6107000 0.0020648877 -0.0020846815    264.33502 
 6108000  0.002169524 -0.0022014433    269.54864 
 6109000 0.0020588056 -0.0020772797    268.09789 
 6110000 0.0021752769 -0.0021720591      267.026 
 6111000 0.0020144008 -0.0020189694     267.4425 
 6112000 0.0020297881 -0.0019949266    268.16026 
 6113000 0.0020721603 -0.0020503782    266.92021 
 6114000 0.0021276011 -0.0021413408    264.05884 
 6115000 0.0022158681 -0.0022191725    269.60144 
 6116000 0.0021750024 -0.0021708206    269.08046 
 6117000 0.0024448445 -0.0024363451    272.05544 
 6118000 0.0022877843 -0.0022544553    266.60276 
 6119000 0.0021859029 -0.0021928804    268.54332 
 6120000 0.0022525845 -0.0022565016     267.0823 
 6121000 0.0020849853 -0.002112518    267.17908 
 6122000 0.0021794958 -0.0021928011     264.9806 
 6123000 0.0021021261 -0.0021103928    267.63834 
 6124000 0.0020512005 -0.0020726554    270.38737 
 6125000 0.0021558816 -0.0021884604    264.53885 
 6126000  0.002179761 -0.002157664    269.33412 
 6127000 0.0020643045 -0.0020727067    268.77784 
 6128000 0.0022229065 -0.0022639778    267.57947 
 6129000 0.0021290478 -0.0021299413    269.35587 
 6130000 0.0019866826 -0.0019968826    265.23586 
 6131000 0.0018511234 -0.0018474941    272.52091 
 6132000 0.0019097537 -0.0019561892    267.94399 
 6133000 0.0018991816 -0.0019167079      266.603 
 6134000 0.0019220776 -0.0019599768    269.40922 
 6135000 0.0019398636 -0.0019223487    262.02673 
 6136000 0.0019974153 -0.0019889953    271.49691 
 6137000  0.001909016 -0.001968751    273.95181 
 6138000 0.0019143741 -0.0019332604    269.94616 
 6139000  0.001904107 -0.0019351035    270.95124 
 6140000 0.0020820387 -0.0021287658    264.57427 
 6141000 0.0021215514 -0.0021067924    269.51042 
 6142000 0.0019548247 -0.0019782017    264.43794 
 6143000 0.0019288086 -0.0019514258    267.09472 
 6144000 0.0020244443 -0.002025976     270.6887 
 6145000 0.0020930247 -0.0021047053    265.43164 
 6146000 0.0020155694 -0.0020665808    261.65477 
 6147000 0.0021734087 -0.002178702    269.08278 
 6148000 0.0020371187 -0.0020713473    266.14756 
 6149000 0.0020281027 -0.0020201149    272.06615 
 6150000 0.0021256258 -0.0021104133    268.07921 
 6151000   0.00207205 -0.0021140899    266.37457 
 6152000 0.0021384722 -0.0021689211    272.49985 
 6153000 0.0019777508 -0.001980828    268.37548 
 6154000 0.0021706382 -0.0022263181    269.69987 
 6155000 0.0020132504 -0.0020510422    266.51583 
 6156000 0.0020176562 -0.0020231879    264.22698 
 6157000 0.0020679538 -0.0020451106    269.56223 
 6158000 0.0021886791 -0.0021925992    266.33759 
 6159000 0.0020170107 -0.0020113344    270.25705 
 6160000 0.0019679072 -0.001989602    267.42944 
 6161000 0.0018996502 -0.0019179848    271.13766 
 6162000 0.0020229072 -0.0020807614    269.25829 
 6163000 0.0021410979 -0.0021697397    268.87919 
 6164000 0.0021037488 -0.0021431633    265.33252 
 6165000 0.0020926234 -0.0020720632     264.9367 
 6166000 0.0020970155 -0.002096351    266.17628 
 6167000 0.0019916495 -0.0020122197    267.76758 
 6168000 0.0020587749 -0.0020524737    266.87121 
 6169000 0.0021139377 -0.002124162    265.79983 
 6170000 0.0022450384 -0.0023005707    264.66268 
 6171000 0.0020013741 -0.0020511333    262.54957 
 6172000 0.0021461634 -0.0021891507    267.38783 
 6173000 0.0019694028 -0.0020175596    267.79003 
 6174000 0.0020937966 -0.0021058973    270.34598 
 6175000 0.0019946521 -0.0020433011    270.88086 
 6176000 0.0021077337 -0.0021507051    265.68161 
 6177000 0.0020661799 -0.0020913507    271.99482 
 6178000 0.0020941081 -0.0021065038    261.67722 
 6179000 0.0022547409 -0.002314952    268.61306 
 6180000 0.0021196062 -0.0021647931    269.89546 
 6181000 0.0022288796 -0.0022773633    265.68471 
 6182000 0.0020530475 -0.0020760807    272.30903 
 6183000 0.0020166065 -0.0020329953    265.57477 
 6184000 0.0021648755 -0.0021984684    269.61157 
 6185000 0.0020258768 -0.0020471722    267.31913 
 6186000 0.0018866996 -0.0019119955    268.71377 
 6187000 0.0019900813 -0.0020257449    276.08306 
 6188000 0.0017969352 -0.0018368962    269.84773 
 6189000 0.0019531904 -0.0019786893    267.85715 
 6190000 0.0019106362 -0.0019077669    264.58743 
 6191000 0.0019206467 -0.0019364987    265.69231 
 6192000  0.001971546 -0.0019591284    265.28435 
 6193000 0.0019895275 -0.0020335694     265.3958 
 6194000 0.0019522902 -0.001956481    264.79018 
 6195000 0.0021075704 -0.0021235518     268.9359 
 6196000 0.0021336946 -0.0021764126    268.49947 
 6197000 0.0018315297 -0.0018542017    265.72144 
 6198000 0.0018390833 -0.0018736617    267.76314 
 6199000 0.0017920622 -0.0018164308    260.05937 
 6200000 0.0017429259 -0.001785712    269.31284 
 6201000 0.0019850405 -0.0020001232    265.42109 
 6202000 0.0018468555 -0.001846561    270.37291 
 6203000 0.0020017214 -0.0020057263    265.64777 
 6204000 0.0017525532 -0.0017391573    269.75261 
 6205000 0.0017042386 -0.0017267061    264.22803 
 6206000  0.001779027 -0.0017945909    265.63951 
 6207000  0.001737927 -0.0017573542    268.36433 
 6208000 0.0017946124 -0.0018060031    270.32662 
 6209000 0.0017977435 -0.001818358    266.13331 
 6210000 0.0018651908 -0.0018865264    266.95208 
 6211000 0.0020142643 -0.0020476612    272.18546 
 6212000 0.0018967129 -0.0019424469    269.00457 
 6213000 0.0019106152 -0.0019424986    272.21367 
 6214000 0.0021669577 -0.0022238326    266.52019 
 6215000 0.0020772303 -0.0021114833    270.75134 
 6216000 0.0019803026 -0.0019850819    266.39036 
 6217000  0.002002988 -0.002048847     267.8634 
 6218000 0.0020841641 -0.0020783757    268.02532 
 6219000  0.001970751 -0.0019627188    270.58955 
 6220000 0.0020454279 -0.002019728    264.15645 
 6221000 0.0021104285 -0.0021182582    267.37113 
 6222000 0.0020691087 -0.0020661724    270.87929 
 6223000 0.0022249927 -0.0022459154    264.84659 
 6224000 0.0022951817 -0.0023123133    266.70881 
 6225000 0.0021292868 -0.0021384343    264.14331 
 6226000 0.0021765928 -0.002215874    265.07674 
 6227000 0.0021112857 -0.0021359745    263.71553 
 6228000 0.0021472199 -0.0021545798    265.96887 
 6229000 0.0021240565 -0.0021091265    267.87144 
 6230000 0.0022944808 -0.0022923002    267.13361 
 6231000 0.0021025002 -0.0020963962    266.23908 
 6232000 0.0022557941 -0.0022806325    267.68216 
 6233000 0.0021920162 -0.0022395504      269.649 
 6234000 0.0022050042 -0.0022129953      262.288 
 6235000 0.0021878212 -0.0022315046     272.1934 
 6236000 0.0022389399 -0.0022501791    268.84361 
 6237000 0.0023733014 -0.0024041997    268.00148 
 6238000 0.0022426474 -0.0022656824    270.39926 
 6239000 0.0021232766 -0.0021190113     271.2451 
 6240000 0.0020197874 -0.0020508609    265.12642 
 6241000 0.0021185207 -0.0021669592    262.17713 
 6242000 0.0020197704 -0.0020603594    266.16118 
 6243000 0.0020085518 -0.0020552538    267.07772 
 6244000 0.0020238166 -0.0020480349    269.41644 
 6245000 0.0019805744 -0.0019745005    258.79378 
 6246000 0.0020700252 -0.0020623858    267.11347 
 6247000 0.0020402789 -0.0020179759    268.94429 
 6248000 0.0020052805 -0.0020001681    268.92266 
 6249000 0.0019475147 -0.0019258422    270.95443 
 6250000 0.0019331091 -0.0019505893    267.32128 
 6251000 0.0018618774 -0.0018414489    267.21519 
 6252000 0.0019298368 -0.0019349986    265.02496 
 6253000 0.0019807182 -0.0020187275    268.17576 
 6254000  0.001983866 -0.0020284554    264.24237 
 6255000 0.0021127473 -0.0020899895    265.90313 
 6256000  0.002004343 -0.0020418864    270.23331 
 6257000 0.0020524911 -0.0021016665    259.70556 
 6258000 0.0021366164 -0.0021811191    267.64636 
 6259000 0.0020074676 -0.0020536282    269.37885 
 6260000 0.0020237921 -0.002074365    265.26582 
 6261000 0.0020069109 -0.0020323598    271.72584 
 6262000 0.0021856003 -0.0021902994    268.14574 
 6263000 0.0022107992 -0.0022327492    263.16459 
 6264000 0.0020639065 -0.0021101383    269.91765 
 6265000 0.0021823385 -0.0021823004    263.93587 
 6266000 0.0022131286 -0.0022559112    268.89257 
 6267000 0.0023493699 -0.0023998434    262.01934 
 6268000 0.0023753214 -0.0023698336    268.74569 
 6269000 0.0024191651  -0.00241241     265.7105 
 6270000 0.0023725216 -0.0023918107    265.08701 
 6271000 0.0024125272 -0.002415296    266.87209 
 6272000 0.0023925899 -0.0024183192    268.80343 
 6273000 0.0022266434 -0.0022094449    267.46783 
 6274000 0.0023706712 -0.0024259629    270.94945 
 6275000 0.0022411606 -0.0022647861    267.03739 
 6276000 0.0024310392 -0.0024595397    267.02885 
 6277000 0.0025661433 -0.002597885    268.17182 
 6278000 0.0023566844 -0.0023828462    269.91666 
 6279000 0.0022315012 -0.0022718215    268.61168 
 6280000 0.0022955706 -0.0023467538    265.05497 
 6281000  0.002075586 -0.0021129194    263.75812 
 6282000 0.0021295702 -0.0022078406    270.27888 
 6283000 0.0021195684 -0.0021321634    270.88053 
 6284000 0.0021265365 -0.0021454474    263.83168 
 6285000  0.002169939 -0.0021438642    272.23943 
 6286000 0.0020220723 -0.002047678    268.55242 
 6287000 0.0022965395 -0.0023002798    267.51055 
 6288000 0.0022041299 -0.0022375405    264.43154 
 6289000 0.0022523049 -0.0022405867     266.1751 
 6290000 0.0022368905 -0.002241871    266.14493 
 6291000 0.0021567677 -0.0021942451       265.69 
 6292000 0.0020926025 -0.0021330536    261.44522 
 6293000 0.0019236486 -0.0019165475     269.4826 
 6294000 0.0020760196 -0.0020861478     279.2748 
 6295000 0.0022936068 -0.002318744    262.96831 
 6296000 0.0021780525 -0.002202464    271.89177 
 6297000 0.0021531715 -0.0021839674    267.40588 
 6298000 0.0021596794 -0.0021987639    264.25912 
 6299000 0.0022084944 -0.0022560221    271.24288 
 6300000 0.0022246596 -0.0022467389    268.14002 
 6301000  0.002100185 -0.0021610753    267.17196 
 6302000 0.0021277865 -0.0021576752    266.60414 
 6303000 0.0022485739 -0.0022843306    269.03739 
 6304000 0.0023152919 -0.0023458893    269.49302 
 6305000 0.0022443611 -0.0022336197    264.75574 
 6306000 0.0023421921 -0.0023745073    269.70347 
 6307000 0.0023041815 -0.002283064     267.4816 
 6308000 0.0022438408 -0.0022939023    271.89042 
 6309000 0.0022379556 -0.0022520496    270.97372 
 6310000 0.0023116145 -0.0023316464       272.44 
 6311000 0.0023391029 -0.002357037    271.07877 
 6312000 0.0023360774 -0.0023391919    264.56857 
 6313000 0.0023473992 -0.0024134508    267.85789 
 6314000 0.0023501615 -0.0023431552    271.87504 
 6315000 0.0023678699 -0.0023730872    267.82877 
 6316000 0.0024713809 -0.002505023     270.6027 
 6317000 0.0024168497 -0.0024453127    264.52117 
 6318000 0.0023619373 -0.0023611601    269.56487 
 6319000 0.0024089432 -0.0024228084    265.52389 
 6320000 0.0021924329 -0.0022144909    268.48549 
 6321000  0.002167763 -0.0021689657     271.3648 
 6322000 0.0022377798 -0.0022491574    269.08015 
 6323000 0.0023275427 -0.0023348657    262.75575 
 6324000 0.0021898669 -0.0021846123    269.63606 
 6325000 0.0023018452 -0.0023067439    265.33256 
 6326000 0.0022072516 -0.002204989    266.68858 
 6327000 0.0022188468 -0.0022195761    272.78575 
 6328000 0.0024419626 -0.002501053    267.29858 
 6329000 0.0021525236 -0.0021529406    264.33712 
 6330000 0.0024042577 -0.0024544566    265.51036 
 6331000  0.002424239 -0.0024330751    268.02547 
 6332000 0.0024527169 -0.0024853238    267.40137 
 6333000 0.0023528387 -0.0023644812    269.57998 
 6334000 0.0023649554 -0.002372027    270.71968 
 6335000 0.0023436716 -0.0023658012    271.69295 
 6336000  0.002472983 -0.0025223328    269.20882 
 6337000 0.0025057084 -0.0025256614    263.52462 
 6338000 0.0024254994 -0.002464111    268.83085 
 6339000 0.0024628823  -0.00248702    270.62404 
 6340000  0.002455904 -0.0025096469    268.35064 
 6341000 0.0025527476 -0.0025717102    271.85607 
 6342000 0.0026510909 -0.0026700478    272.52163 
 6343000 0.0024042099 -0.0024304723    270.94045 
 6344000 0.0023974243 -0.0024303398    261.75759 
 6345000 0.0023643419 -0.0024249032    267.92278 
 6346000 0.0024342937 -0.002509183    267.96096 
 6347000 0.0022159438 -0.0022559885     265.0546 
 6348000 0.0021830791 -0.0022196255    270.11126 
 6349000 0.0020883355 -0.0021230508    270.63409 
 6350000 0.0021908052 -0.0022058808    266.99456 
 6351000 0.0022197616 -0.0022534486    267.68392 
 6352000 0.0020571754 -0.0020719683      269.047 
 6353000 0.0020883137 -0.0021511159    267.37393 
 6354000  0.002158002 -0.0021981731    276.68853 
 6355000 0.0020734638 -0.0020749212    267.75736 
 6356000 0.0020980888 -0.0021270186    262.40898 
 6357000 0.0020513208 -0.0020795964    265.24216 
 6358000 0.0020533659 -0.002096007    266.49645 
 6359000 0.0020896537 -0.0020788518    268.62244 
 6360000 0.0023440329 -0.0023355546    265.15671 
 6361000 0.0023865428 -0.0023830722    265.22972 
 6362000 0.0023133169 -0.002330399    269.98419 
 6363000 0.0022631557 -0.0022879691    261.08094 
 6364000 0.0023133219 -0.0023289033    271.65527 
 6365000 0.0022202499 -0.0022434797    270.01921 
 6366000 0.0023413544 -0.0023540351    266.02269 
 6367000 0.0023376626 -0.0023726247    273.46473 
 6368000 0.0022496708 -0.0022711063    269.67792 
 6369000  0.002333889 -0.0023481272    275.21826 
 6370000 0.0022544981 -0.0022478458    268.57405 
 6371000 0.0022884199 -0.0023332561    266.75007 
 6372000 0.0023057882 -0.0023049224    265.38812 
 6373000 0.0023758954 -0.0023963951    266.02992 
 6374000 0.0024449107 -0.0024857308    266.82663 
 6375000 0.0023058303 -0.0023369055    266.57701 
 6376000 0.0024048195 -0.0024210835    267.23694 
 6377000  0.002216825 -0.0022401466     272.9687 
 6378000 0.0023612098 -0.0023773636    267.35309 
 6379000 0.0021921779 -0.0022200912    267.98773 
 6380000 0.0022235055 -0.002248026     266.3485 
 6381000 0.0021161495 -0.0021442654    269.37564 
 6382000 0.0020147486 -0.0020343241    263.86874 
 6383000 0.0023217711 -0.0023452983    264.30273 
 6384000 0.0023234721 -0.0023612459     272.2491 
 6385000 0.0025169917 -0.0025545363    263.61919 
 6386000 0.0023452202 -0.0023806077     268.8776 
 6387000 0.0023698711 -0.0023903718     269.6862 
 6388000 0.0024951408 -0.0024895863    272.52846 
 6389000 0.0023600287 -0.0023914424    268.93835 
 6390000 0.0023819399 -0.0024251511    266.78243 
 6391000 0.0024019507 -0.0024408677    265.15067 
 6392000 0.0025263593 -0.0025136346    258.82196 
 6393000 0.0024212541 -0.0024681788    271.09764 
 6394000 0.0022723944 -0.0022995284    272.11684 
 6395000 0.0022905223 -0.0023275586    268.66961 
 6396000  0.002169871 -0.0022022314    270.60529 
 6397000 0.0022488316 -0.0022545878    267.50216 
 6398000 0.0023783247 -0.0024167089    269.71121 
 6399000 0.0022770407 -0.0022752288    266.52871 
 6400000 0.0022867469 -0.0023262354    268.76516 
 6401000 0.0023614993 -0.0024067133    266.97933 
 6402000 0.0022994651 -0.0023511785    265.27148 
 6403000 0.0022754812 -0.002310873    271.20497 
 6404000 0.0022321563 -0.0022534852    266.67032 
 6405000 0.0023379707 -0.0023702494    274.84887 
 6406000 0.0023785765 -0.0023664129    270.36549 
 6407000 0.0023638174 -0.002387124    269.29286 
 6408000 0.0023945438 -0.0024204444    266.19259 
 6409000 0.0023812865 -0.0024231088    263.35739 
 6410000 0.0024828685 -0.0025220283    264.72809 
 6411000 0.0023525441 -0.0023864206     269.0628 
 6412000  0.002337306 -0.0023800108    264.01903 
 6413000  0.002353886 -0.0023630973    266.08518 
 6414000 0.0022691373 -0.0022855729    267.18508 
 6415000 0.0020486934 -0.0021030614    266.48181 
 6416000  0.002282555 -0.0022915359    271.43983 
 6417000 0.0023736408 -0.0023982617    268.05673 
 6418000 0.0023663282 -0.0023785159    271.85514 
 6419000 0.0022906612 -0.0023207275    262.63472 
 6420000 0.0022221563 -0.0022629967    269.71357 
 6421000 0.0022786537 -0.0023176871    268.37643 
 6422000 0.0022491431 -0.0023009402    269.33768 
 6423000 0.0023184092 -0.0023654712    264.57787 
 6424000    0.0024592 -0.0025089258    269.73986 
 6425000 0.0023236054  -0.00234219    265.51188 
 6426000 0.0022660891 -0.0022587199    265.72458 
 6427000 0.0023402321 -0.0023818993    265.39549 
 6428000 0.0023019903 -0.0023263328    266.52023 
 6429000 0.0023237627 -0.0023658594    267.50332 
 6430000 0.0022519773 -0.0023062686     269.3074 
 6431000 0.0024027929 -0.002434344    264.83398 
 6432000 0.0024541683 -0.0025065513    269.42201 
 6433000  0.002468064 -0.0024937699    265.47496 
 6434000  0.002419656 -0.0024415248    267.58379 
 6435000 0.0024349981 -0.0024325985    270.67215 
 6436000 0.0025700457 -0.002598931    265.83533 
 6437000 0.0025400238 -0.0025416432    267.55733 
 6438000 0.0024727883 -0.002502618     265.7832 
 6439000 0.0024113649 -0.0024290384    269.71255 
 6440000 0.0024528083 -0.0024667853    265.47112 
 6441000 0.0023965623 -0.0024097037    268.43284 
 6442000 0.0023197508 -0.0023428877    266.42541 
 6443000 0.0023466001 -0.0023889376    269.19997 
 6444000 0.0023466869 -0.0023767121    271.70083 
 6445000 0.0022932462 -0.0023261837    268.50504 
 6446000 0.0021148593 -0.0021537119    264.73149 
 6447000 0.0021752188 -0.0022021224    269.88147 
 6448000 0.0021277041 -0.0020978126    271.55926 
 6449000  0.002177545 -0.0021929289    268.82841 
 6450000 0.0022804857 -0.0022825815    271.35078 
 6451000 0.0022550649 -0.0022543088    273.34479 
 6452000 0.0024420797 -0.0024623396    266.57634 
 6453000 0.0024556861 -0.0024482683    268.22537 
 6454000 0.0024022551 -0.0024225054    270.12605 
 6455000 0.0025916142 -0.0025848242    270.51741 
 6456000 0.0023123541 -0.0023162991    265.33118 
 6457000 0.0023839066 -0.0024046978    266.59172 
 6458000 0.0023708479 -0.0023701069    262.07109 
 6459000 0.0023992046 -0.002425253    267.65812 
 6460000 0.0022120391 -0.0022756033    269.62279 
 6461000 0.0023776264 -0.002413435    272.29168 
 6462000   0.00240959 -0.0024714361    266.96716 
 6463000 0.0024404434 -0.0024621177     269.9099 
 6464000 0.0023692429 -0.0023719993    267.10607 
 6465000 0.0024488154 -0.0024579997    267.83756 
 6466000 0.0024623751 -0.0024688572    271.22694 
 6467000 0.0024646233 -0.0024987698    268.76982 
 6468000 0.0025005387 -0.0025283229    261.00468 
 6469000 0.0027012793 -0.0027175477    270.58783 
 6470000 0.0024561859 -0.0025266359    270.01148 
 6471000 0.0024157234 -0.0024330766    267.34731 
 6472000 0.0022961907 -0.0023278785    264.40513 
 6473000 0.0024294195 -0.0024765296    264.20846 
 6474000 0.0023246363 -0.0023453619    267.18114 
 6475000 0.0024192356 -0.0024937639    266.18664 
 6476000 0.0024318794 -0.0024669889    271.46742 
 6477000 0.0023864665 -0.0024100057    271.77742 
 6478000  0.002323572 -0.002374797    270.09906 
 6479000 0.0023039454 -0.0023512454    267.62691 
 6480000 0.0022879521 -0.0023058439    264.32094 
 6481000 0.0022398281 -0.0022713862    263.67488 
 6482000  0.002278001 -0.0023044702     270.3645 
 6483000 0.0025003656 -0.0025378374    268.90918 
 6484000 0.0024156431 -0.0024364886    264.82404 
 6485000 0.0023852161 -0.002429709    266.55621 
 6486000 0.0022968835 -0.0023294999    264.21416 
 6487000 0.0024922546 -0.0025138275    263.77758 
 6488000 0.0024083542 -0.0024407445    267.31208 
 6489000 0.0024815389 -0.002510448    272.28365 
 6490000   0.00247014 -0.0024880377    267.61992 
 6491000 0.0023823532 -0.0024117894    265.49485 
 6492000 0.0024436029 -0.0024304013    271.20207 
 6493000 0.0024231107 -0.0024341597    263.04399 
 6494000 0.0025389952 -0.002523066    267.71423 
 6495000 0.0024123721 -0.0024167807    268.29214 
 6496000 0.0025223976 -0.0025336819    268.93457 
 6497000 0.0022950644 -0.0023352197    270.92786 
 6498000  0.002464441 -0.0025004289    267.30235 
 6499000 0.0024910606 -0.0025029438    267.51232 
 6500000 0.0024251397 -0.0024461438    270.17403 
 6501000 0.0024784549 -0.0025042319    269.07938 
 6502000 0.0025528156 -0.0025479583     263.1281 
 6503000 0.0023568026 -0.0023619964    267.68411 
 6504000 0.0023760196 -0.0024014063    269.43196 
 6505000 0.0023186051 -0.0023547737    271.40096 
 6506000 0.0023667826 -0.0024052905     266.1952 
 6507000 0.0022957441 -0.0023260384    264.87511 
 6508000  0.002422703 -0.0024495316    268.53236 
 6509000 0.0025342091 -0.0025693293    270.74788 
 6510000 0.0025458587 -0.0025752376    263.74839 
 6511000 0.0025859474 -0.0026241287    263.12279 
 6512000 0.0023047865 -0.0023423692     268.4099 
 6513000 0.0026314434 -0.0026517409    269.42246 
 6514000  0.002551616 -0.0025598526    267.04848 
 6515000 0.0025548349 -0.0025711663    264.02013 
 6516000 0.0025169615 -0.0025446162    268.24762 
 6517000 0.0025712115 -0.0025920584    267.65818 
 6518000 0.0027024805 -0.0027557164     263.5574 
 6519000 0.0025173922 -0.0025627626    267.23355 
 6520000  0.002468447 -0.0025216632    270.43021 
 6521000 0.0025987447 -0.0026520377    265.77695 
 6522000 0.0026334356 -0.0026548586     266.3285 
 6523000 0.0025141135 -0.0025313765    267.86613 
 6524000 0.0025792963 -0.0026271866    261.41217 
 6525000  0.002408032 -0.0024117494    267.62622 
 6526000 0.0026527661 -0.0026661754    259.24282 
 6527000 0.0024956014 -0.0025154977    267.57719 
 6528000 0.0025774714 -0.0026145452    268.57991 
 6529000 0.0024405394 -0.0024624848    270.29155 
 6530000 0.0024560503 -0.0024859539    269.06007 
 6531000  0.002609187 -0.002643584    268.87363 
 6532000 0.0026529305 -0.0026866937    267.30104 
 6533000 0.0025501813 -0.0025804028    266.73962 
 6534000 0.0025353275 -0.0025648716    268.33669 
 6535000 0.0023008936 -0.0023345714     271.4875 
 6536000 0.0025056161 -0.0025221525    269.89635 
 6537000 0.0024408158 -0.0024806818    267.25808 
 6538000 0.0023602018 -0.002366665    267.77964 
 6539000 0.0023693522 -0.0024123939    272.60658 
 6540000 0.0025205749 -0.0025111444    269.48101 
 6541000 0.0025163299 -0.0025876548    268.31066 
 6542000 0.0024848407 -0.0025090979    264.06001 
 6543000  0.002479789 -0.0025330356    271.11813 
 6544000 0.0024395857 -0.0024734171    267.10794 
 6545000 0.0025306727 -0.0025373434    264.23766 
 6546000 0.0024210117 -0.0024393405    271.76051 
 6547000 0.0024938332 -0.0025356889     262.6414 
 6548000 0.0024338209 -0.002461528    270.40266 
 6549000 0.0024451939 -0.0024504353    268.25863 
 6550000 0.0023821144 -0.0024269225    267.11658 
 6551000 0.0023669416 -0.0023957568     267.0642 
 6552000 0.0024839531 -0.0024918716    265.49431 
 6553000 0.0025657631 -0.0025766502    268.52566 
 6554000 0.0024093242 -0.0024000648    270.73388 
 6555000 0.0023899278 -0.0024187114    268.64942 
 6556000 0.0026085141 -0.0026275212    263.08225 
 6557000 0.0024572209 -0.0024831458    268.32439 
 6558000 0.0026322685 -0.0026646635    265.26705 
 6559000 0.0024988709 -0.0025446994    268.75209 
 6560000 0.0024458457 -0.0024953944    270.26897 
 6561000 0.0025600282 -0.0026110956    271.42018 
 6562000 0.0026213612 -0.0026507412    269.43743 
 6563000 0.0026696504 -0.0026559509    266.83259 
 6564000 0.0027188555 -0.0027117281    267.19889 
 6565000 0.0027282093 -0.0027745038    269.77424 
 6566000 0.0026786547 -0.0027027952    273.13558 
 6567000 0.0024854637 -0.0025201271    266.15154 
 6568000 0.0026757501 -0.0026965433     269.3766 
 6569000 0.0025655886 -0.0025668273    270.52238 
 6570000 0.0026116749 -0.0026587606    266.57104 
 6571000 0.0025419785 -0.0025798115    270.61977 
 6572000 0.0026315929 -0.0026896913    265.92847 
 6573000 0.0026213196 -0.0026454791    269.83824 
 6574000 0.0028153806 -0.0028150571    265.38417 
 6575000 0.0027417209 -0.0027805414    266.83414 
 6576000  0.002662361 -0.0026882647    270.52978 
 6577000 0.0024966059 -0.0025210784    266.60828 
 6578000 0.0025920453 -0.0025905701    264.93041 
 6579000 0.0024532379 -0.0024791234    268.41269 
 6580000 0.0024826043 -0.0024656914    267.80753 
 6581000 0.0025527814 -0.002556101    264.73229 
 6582000 0.0024183066 -0.0024120914    272.73911 
 6583000 0.0025755879 -0.0025819155    270.90369 
 6584000 0.0024402162 -0.0024357481     267.1828 
 6585000 0.0026326378 -0.0026711745    264.70771 
 6586000 0.0026164548 -0.0025946704    267.38626 
 6587000 0.0025596551  -0.00258018    262.72617 
 6588000 0.0026973292 -0.0027296956    270.02976 
 6589000 0.0026436156 -0.0026708429    270.98773 
 6590000 0.0026475479 -0.0026425067     263.3721 
 6591000 0.0026890626 -0.0027240091     265.6827 
 6592000 0.0026165028 -0.0026230681    268.19356 
 6593000 0.0026428953 -0.0026599961    268.05478 
 6594000 0.0024632154 -0.002456693    267.73531 
 6595000 0.0026191913 -0.0026363305    269.57608 
 6596000 0.0025203623 -0.002524295    267.62048 
 6597000 0.0026099776 -0.0025965234     268.3613 
 6598000 0.0026860245 -0.0027064778    269.98942 
 6599000 0.0025082572 -0.0024925321    265.83478 
 6600000 0.0025785879 -0.0026021911    265.25028 
 6601000 0.0024477365 -0.0024256507    268.94358 
 6602000 0.0025988448 -0.0026259394    264.00168 
 6603000 0.0025976499 -0.0026402775    273.06174 
 6604000 0.0023497984 -0.0023665516    267.19279 
 6605000 0.0024759117 -0.002511645     266.7516 
 6606000 0.0024427379 -0.0024243128    266.54248 
 6607000 0.0023135341 -0.0023471147    264.80275 
 6608000 0.0023959669 -0.0024011096    270.27088 
 6609000 0.0024524381 -0.0024865223    265.43061 
 6610000 0.0024318957 -0.0024663288    263.83139 
 6611000 0.0024691049 -0.002507659    266.60874 
 6612000 0.0024496979 -0.0024956298    266.48958 
 6613000  0.002485378 -0.0025045723    270.82676 
 6614000 0.0026037251 -0.0025992811    266.74828 
 6615000  0.002577052 -0.0025950764    269.14996 
 6616000 0.0025185901 -0.0025641981    271.56145 
 6617000 0.0024300386 -0.0024726602    269.87542 
 6618000 0.0025694735 -0.0025794024    262.91762 
 6619000 0.0024684365 -0.0024857623    266.11197 
 6620000 0.0024600126 -0.0024572564    267.41487 
 6621000 0.0025576689 -0.0025728057    262.96697 
 6622000 0.0025276361 -0.0025512261    269.95095 
 6623000 0.0025453103 -0.0025655664    263.12655 
 6624000 0.0024961855 -0.0025270605    268.69293 
 6625000 0.0026037888 -0.0026240423    267.20384 
 6626000 0.0025673691 -0.0026029035    268.03331 
 6627000 0.0025623039 -0.0025778092    267.90628 
 6628000 0.0025961611 -0.0026041108    270.81624 
 6629000 0.0026072874 -0.002609415    266.90243 
 6630000 0.0026454389 -0.0026828807     263.0343 
 6631000 0.0026785793 -0.0027120569    268.09705 
 6632000 0.0025309238 -0.0025410564    270.07041 
 6633000 0.0025215841 -0.0025233514    269.25375 
 6634000 0.0025019656 -0.0025280851    268.36339 
 6635000  0.002617833 -0.0026494968    267.52867 
 6636000 0.0025651718 -0.002580039    274.91211 
 6637000 0.0024740764 -0.002476665     267.1668 
 6638000 0.0026036727 -0.0026060516    261.58578 
 6639000 0.0025732817 -0.0026296635    267.18116 
 6640000 0.0025134421 -0.0025550205    270.16659 
 6641000 0.0025385791 -0.0025480762    270.01618 
 6642000 0.0024847872 -0.0025226793    268.65678 
 6643000 0.0023266852 -0.0023505707    266.66739 
 6644000  0.002413032 -0.0024511921     268.9458 
 6645000 0.0023170544 -0.0023530004    271.80277 
 6646000 0.0023902055 -0.0024275113    262.43237 
 6647000 0.0023790895 -0.002423127    270.23707 
 6648000 0.0023478436 -0.0023573596    272.43373 
 6649000 0.0025287124 -0.0025300813    269.25634 
 6650000 0.0022859773 -0.0023259534    268.54956 
 6651000  0.002383617 -0.0023822609    264.38913 
 6652000 0.0023934795 -0.0024244474    267.49958 
 6653000 0.0024105882 -0.002432563    264.54358 
 6654000 0.0023751292 -0.0023901427    267.70898 
 6655000 0.0024811067 -0.0024921987     269.8091 
 6656000 0.0022158567 -0.0022216888    265.51771 
 6657000 0.0023082267 -0.0023185765    275.57743 
 6658000 0.0023341532 -0.0023214186    269.54593 
 6659000 0.0024051796 -0.0023973462    266.19492 
 6660000 0.0025968589 -0.0026277124    266.04961 
 6661000 0.0023525265 -0.0023599429    268.21468 
 6662000  0.002425069 -0.0024575202    266.20999 
 6663000 0.0023550773 -0.0023384455    262.51993 
 6664000 0.0024588379 -0.0024606798    267.07343 
 6665000 0.0023994492 -0.0024236119    273.29463 
 6666000 0.0024080763 -0.0024459789    268.77311 
 6667000   0.00238849 -0.0024096213    265.89175 
 6668000 0.0022179877 -0.0022646986    265.79852 
 6669000 0.0022284522 -0.0022315278      269.762 
 6670000 0.0023596869 -0.0023800202    270.95126 
 6671000 0.0022950967 -0.0023255313    267.82171 
 6672000 0.0023954527 -0.0023797673    267.96122 
 6673000 0.0022716815 -0.0023073304    263.81309 
 6674000 0.0022360117 -0.0022647867    264.57952 
 6675000 0.0021599377 -0.0021652644    272.60496 
 6676000 0.0023558763 -0.0023815115     263.6465 
 6677000  0.002214161 -0.002213188    267.51606 
 6678000 0.0022636953 -0.0022677633    275.05767 
 6679000 0.0024052656 -0.0024692335    265.76394 
 6680000 0.0023909649 -0.0024176981     267.3593 
 6681000 0.0021978065 -0.0022459167     270.0728 
 6682000 0.0024191284 -0.0024604534    268.22172 
 6683000 0.0022353215 -0.0022483476    270.17642 
 6684000 0.0021836355 -0.0021564532     268.7339 
 6685000 0.0022758074 -0.0023072598    275.04526 
 6686000 0.0023134193 -0.0023206057    266.62591 
 6687000   0.00229818 -0.0023031145    267.72529 
 6688000  0.002194231 -0.0022139874    266.63624 
 6689000 0.0022043112 -0.0022125782    274.19577 
 6690000 0.0022019972 -0.0022311863    269.48335 
 6691000 0.0023743608 -0.0023951638    267.32517 
 6692000 0.0024674857 -0.0024879747    266.24715 
 6693000 0.0025689167 -0.0025783876      267.908 
 6694000 0.0023457601 -0.0023698946    267.13785 
 6695000 0.0022936183 -0.0022798465    266.39687 
 6696000 0.0023662716 -0.0023786292    271.16338 
 6697000 0.0023935108 -0.002402597    270.62831 
 6698000 0.0023598608 -0.0023927739    265.51359 
 6699000 0.0024783814 -0.002521304    267.72254 
 6700000 0.0022726264 -0.0022960461    267.42685 
 6701000 0.0023143995 -0.0023478097    263.01821 
 6702000 0.0023931492 -0.0024102299    267.05949 
 6703000 0.0025208331 -0.002569744    265.12446 
 6704000   0.00237746 -0.0024371754    274.35602 
 6705000 0.0026013563 -0.002627146    267.24933 
 6706000 0.0024882322 -0.0024952183    273.61051 
 6707000  0.002462864 -0.0024893345    267.45567 
 6708000 0.0024067171 -0.0024373613    267.29943 
 6709000  0.002573143 -0.0025921521    265.14049 
 6710000 0.0024427204 -0.0024763466    263.62791 
 6711000 0.0024716093  -0.00250431    268.18373 
 6712000 0.0022483156 -0.0022827489    265.31189 
 6713000 0.0024356524 -0.0024378829    264.33633 
 6714000 0.0024337938 -0.0024546962    270.33701 
 6715000  0.002659041 -0.002694962    262.83175 
 6716000 0.0025704365 -0.0025729904    265.36486 
 6717000 0.0026667918 -0.0026821844    268.27228 
 6718000 0.0025516746 -0.0025627902    264.92046 
 6719000 0.0027332772 -0.0027360577    266.09055 
 6720000 0.0024261828 -0.0024561646    275.01651 
 6721000 0.0024545197 -0.0024620775    266.39292 
 6722000 0.0025333932 -0.0025498923    267.99535 
 6723000 0.0025346861 -0.0025536199    266.89679 
 6724000 0.0026204145 -0.0026333446    269.90766 
 6725000  0.002594429 -0.002621657    267.26347 
 6726000 0.0026724517 -0.0026743261    267.72694 
 6727000 0.0026209111 -0.0026254988    267.63304 
 6728000 0.0024887199 -0.0024825586    264.03563 
 6729000 0.0024454242 -0.0024346124    269.03469 
 6730000 0.0025632957 -0.0025672415    271.51557 
 6731000  0.002424593 -0.0024193154    265.61799 
 6732000  0.002475056 -0.002475244    270.66211 
 6733000 0.0025253469 -0.002553966    269.95381 
 6734000  0.002370479 -0.0023375365    270.32217 
 6735000 0.0023402484 -0.0023400207    269.06859 
 6736000 0.0023401948 -0.0023302237    268.58037 
 6737000 0.0022673855 -0.0022920123    262.24387 
 6738000 0.0023954547 -0.0023940306    268.98744 
 6739000 0.0023095129 -0.0022991331       271.96 
 6740000 0.0022516972 -0.0022767992    265.54711 
 6741000 0.0024222126 -0.0024251341    269.84682 
 6742000 0.0024144013 -0.0024484122    266.14196 
 6743000 0.0024019299 -0.0024230278    267.71984 
 6744000 0.0024863423 -0.0025021936     270.5628 
 6745000 0.0023786751 -0.002397099    266.81877 
 6746000 0.0024174018 -0.0024381225    263.24567 
 6747000 0.0022991935 -0.0023265474    268.68965 
 6748000 0.0023857958 -0.0023679599    270.48451 
 6749000 0.0022581112 -0.0022739243    267.11857 
 6750000  0.002309909 -0.002321317    269.39322 
 6751000 0.0023931406 -0.0023810782    272.08004 
 6752000 0.0023343986 -0.0023938913    271.48591 
 6753000 0.0024327014 -0.002449799    269.02798 
 6754000 0.0024339488 -0.0024580252    265.40381 
 6755000 0.0023330788 -0.0023462931     268.0399 
 6756000 0.0023939741 -0.0024210026    270.49138 
 6757000 0.0024025715 -0.0024294052    263.26924 
 6758000 0.0025613515 -0.0025903414    269.23338 
 6759000 0.0025372142 -0.0025425985    267.84557 
 6760000 0.0023762549 -0.002401492    267.82781 
 6761000 0.0022961306 -0.0023118813    264.71692 
 6762000 0.0023626462 -0.0023820601    266.74627 
 6763000 0.0024292205 -0.0024880484    268.50882 
 6764000 0.0022826555 -0.0022688303    268.86044 
 6765000 0.0023884437 -0.002420946    266.95354 
 6766000 0.0024142003 -0.0024302167    267.29513 
 6767000 0.0023749833 -0.0024136146    266.70568 
 6768000 0.0020827422 -0.0020986423    269.28666 
 6769000 0.0022799015 -0.0022907146    269.89411 
 6770000 0.0021847233 -0.0022083543    266.57768 
 6771000 0.0021475683 -0.0021987109    267.16322 
 6772000 0.0023098952 -0.0023090255     270.6399 
 6773000 0.0022440863 -0.0022461317    267.92775 
 6774000 0.0021943233 -0.0021997119    268.50425 
 6775000 0.0022346848 -0.0022471107    266.92618 
 6776000 0.0022774018 -0.0022974272    265.10961 
 6777000 0.0023938371 -0.0024172055    265.00806 
 6778000 0.0021689393 -0.0021738725    273.04251 
 6779000 0.0022051702 -0.002202994     268.4226 
 6780000 0.0021428741 -0.0021651655    265.60685 
 6781000 0.0021600386 -0.0021627862    267.36841 
 6782000 0.0022330688 -0.0022518222    268.76179 
 6783000 0.0021520462 -0.0021467463    267.49277 
 6784000 0.0021800352 -0.002221977    266.83202 
 6785000 0.0021606189 -0.0021905494      265.928 
 6786000 0.0022626838 -0.0022723849    261.69926 
 6787000 0.0021663187 -0.0021742914    272.58824 
 6788000 0.0022751322 -0.0022838435    265.43046 
 6789000 0.0023455591 -0.0023468883    269.67821 
 6790000 0.0021859948 -0.0022025216    266.19091 
 6791000 0.0022329008 -0.0022206961    269.62226 
 6792000 0.0022206038 -0.0022309926      272.459 
 6793000 0.0023161073 -0.0023275532    268.60586 
 6794000 0.0024030261 -0.0024387523    274.19958 
 6795000 0.0023271675 -0.0023625928    266.94095 
 6796000 0.0023431451 -0.0023637323    270.52012 
 6797000 0.0024358938 -0.0024588886    266.37342 
 6798000 0.0023544498 -0.0024140357    268.79703 
 6799000 0.0022788792 -0.0023204284    266.02436 
 6800000 0.0023439993 -0.0023625021    271.03765 
 6801000 0.0024018644 -0.0023890892    272.00642 
 6802000 0.0024406548 -0.002452348    266.07176 
 6803000 0.0024103287 -0.0024315667    263.00826 
 6804000 0.0025136818 -0.0025135348    271.39486 
 6805000 0.0023984109 -0.0023917041    270.02004 
 6806000 0.0022439312 -0.0022377695    271.14665 
 6807000 0.0024861874 -0.0025076194    266.23087 
 6808000 0.0024934149 -0.0024975751    269.62718 
 6809000 0.0024901789 -0.0025414571    269.89079 
 6810000 0.0022830753 -0.0022768075    265.38402 
 6811000 0.0024078528 -0.0024065502     270.8168 
 6812000 0.0023269095 -0.0023114098    268.21454 
 6813000 0.0023652941 -0.0023729263    263.92886 
 6814000 0.0023036275 -0.0023183212    268.04397 
 6815000 0.0025326026 -0.0025555551    270.93793 
 6816000 0.0023641615 -0.0023822309    265.78814 
 6817000 0.0025505347 -0.0025410432    267.95428 
 6818000 0.0025970897 -0.0026337746    271.96159 
 6819000 0.0025485936 -0.0025701673    265.49066 
 6820000 0.0025888816 -0.0026320149    270.61343 
 6821000 0.0025509132 -0.0025794601     269.9472 
 6822000 0.0026157638 -0.0026161802    266.96357 
 6823000 0.0025803111 -0.0026048182     268.8745 
 6824000 0.0025470945 -0.0025215157    272.65898 
 6825000 0.0025265329 -0.002512838    261.13301 
 6826000 0.0028035058 -0.0028276618    268.44903 
 6827000 0.0025880204 -0.0026029879    268.12396 
 6828000 0.0024465857 -0.0024645882    268.00606 
 6829000 0.0024389165 -0.0024080936    267.03105 
 6830000  0.002682303 -0.002698795    269.42943 
 6831000 0.0024380933 -0.0024481606    270.72963 
 6832000 0.0023726636 -0.0023716688    268.78692 
 6833000 0.0025370904 -0.0025432548    263.74442 
 6834000 0.0027465423 -0.0027170882    264.34372 
 6835000 0.0026299607 -0.0026346122    268.63365 
 6836000 0.0027108448 -0.0027060499    268.31985 
 6837000 0.0025662931 -0.0025740368    269.54016 
 6838000 0.0026348073 -0.0026316797    273.11279 
 6839000 0.0024950257 -0.0024989602    263.94828 
 6840000 0.0027320498 -0.0027187996    270.32726 
 6841000 0.0027826122 -0.0027724537    271.36081 
 6842000 0.0025927396 -0.0026429926    269.09298 
 6843000 0.0026389291 -0.0026427932     266.0464 
 6844000 0.0024564004 -0.0024659616    274.44708 
 6845000 0.0026027295 -0.0026307449    268.13314 
 6846000  0.002555379 -0.0026006539    270.75034 
 6847000 0.0025664571 -0.0025785723    269.52033 
 6848000 0.0025206818 -0.0025387394    266.65684 
 6849000 0.0025966467 -0.0026256658    265.63062 
 6850000  0.002607742 -0.0026520609    266.72823 
 6851000  0.002609025 -0.0026519429    267.67681 
 6852000 0.0025334918 -0.0025655767    269.81804 
 6853000 0.0024104763 -0.0023938965    266.99772 
 6854000 0.0025923238 -0.0025958266    271.51371 
 6855000 0.0025058104 -0.0025485041    268.32235 
 6856000  0.002689318 -0.0026971786    263.21857 
 6857000 0.0026150062 -0.002630611    268.93772 
 6858000 0.0025639725 -0.0025822013    267.71099 
 6859000 0.0025380041 -0.0025684437    278.53088 
 6860000 0.0027704419 -0.0027781129    267.26038 
 6861000 0.0025638434 -0.002563023    266.02918 
 6862000 0.0025459244 -0.0025404912    270.78381 
 6863000 0.0025940448 -0.0026224308    267.70046 
 6864000 0.0025832654 -0.002585692    267.32208 
 6865000 0.0025334284 -0.0025227933    273.03077 
 6866000 0.0026220584 -0.0026298747    265.86886 
 6867000 0.0027457179 -0.0027532458     264.5632 
 6868000  0.002673842 -0.0026923961    267.14174 
 6869000  0.002625105 -0.0026535251    270.84678 
 6870000  0.002559053 -0.0025846921    265.60082 
 6871000 0.0026297096 -0.0026340703     267.7836 
 6872000 0.0027950144 -0.0027712641     267.4961 
 6873000 0.0027022937 -0.0027055311    266.84035 
 6874000 0.0025239975 -0.0025200609    268.65508 
 6875000 0.0026096543 -0.0026127418    268.63834 
 6876000 0.0024145862 -0.0024426628    262.39097 
 6877000 0.0024848358 -0.0024971224    268.00357 
 6878000   0.00235821 -0.0023747311    273.57018 
 6879000 0.0025650432 -0.0025960786    264.99572 
 6880000 0.0025885356 -0.0026245505    267.74072 
 6881000  0.002587122 -0.0026017702    272.32838 
 6882000 0.0023932473 -0.002388474     265.5214 
 6883000 0.0025208217 -0.0025194948    276.38629 
 6884000 0.0026000599 -0.0026206952    266.03213 
 6885000 0.0025927323 -0.0025958551    266.79982 
 6886000 0.0025113772 -0.0025136215    269.99326 
 6887000 0.0023524646 -0.0023549028    271.61787 
 6888000 0.0024740824 -0.002488434    265.73633 
 6889000 0.0026435611 -0.0026679845    270.21192 
 6890000 0.0025184026 -0.0025254625    271.63942 
 6891000 0.0025845846 -0.0026006467     268.1984 
 6892000 0.0026032254 -0.002628462    269.64134 
 6893000 0.0025263947 -0.0025118278    268.29702 
 6894000 0.0024993702 -0.002532855    264.08773 
 6895000 0.0024933405 -0.0024881913     271.2547 
 6896000 0.0025635549  -0.00257045    264.86516 
 6897000  0.002678856 -0.0027140989    268.30632 
 6898000 0.0026972742 -0.0027175355     268.6536 
 6899000 0.0026172726 -0.0026362525    266.40657 
 6900000 0.0026770884 -0.0026975982    270.09061 
 6901000 0.0026656024 -0.0026355857    266.25487 
 6902000 0.0027855007 -0.0027862085    270.77147 
 6903000 0.0027237218 -0.0027512466    266.74769 
 6904000 0.0026556601 -0.0026765975    264.26419 
 6905000 0.0028815188 -0.0028434688    263.48362 
 6906000 0.0026611491 -0.002671917    266.88545 
 6907000 0.0026372633 -0.0026292108    269.95523 
 6908000 0.0026778526 -0.0026692835    265.89082 
 6909000 0.0024734543 -0.002475196    264.44732 
 6910000 0.0027591471 -0.0027948162    271.31059 
 6911000 0.0026755599 -0.0027376142    265.34869 
 6912000 0.0026164623 -0.0026573623    270.18779 
 6913000 0.0025707728 -0.0025522221    269.68718 
 6914000 0.0024446458 -0.0024473634    266.09181 
 6915000 0.0024354728 -0.0024527932    266.26445 
 6916000 0.0024081829 -0.0024479548    268.57868 
 6917000 0.0026099805 -0.0025913226    267.38291 
 6918000 0.0025649647 -0.0025403219    266.54353 
 6919000 0.0023798261 -0.0023844477    270.22535 
 6920000 0.0024029619 -0.0024042339    266.57277 
 6921000 0.0023156639 -0.0023503978    268.23903 
 6922000 0.0024024506 -0.0024170272    268.32872 
 6923000 0.0025820492 -0.0026107871    269.19544 
 6924000  0.002452142 -0.0024737873    269.34397 
 6925000 0.0025253482 -0.0025360214     267.7442 
 6926000 0.0024438564 -0.0024854816     267.9726 
 6927000 0.0024238379 -0.0024513618    266.90177 
 6928000 0.0024397213 -0.0024467882    268.27904 
 6929000 0.0025602197 -0.0025758814    267.78285 
 6930000 0.0024411985 -0.0024764875    269.03006 
 6931000 0.0023971877 -0.0024074583     267.9272 
 6932000  0.002434213 -0.0024448547    264.48912 
 6933000 0.0023548241 -0.0023685048    266.43358 
 6934000 0.0024999927 -0.0025177781    270.94057 
 6935000 0.0025123916 -0.0025031916    268.46056 
 6936000  0.002500791 -0.002501406     266.0091 
 6937000 0.0025346904 -0.0025562082    274.52372 
 6938000 0.0026180349 -0.0026284354    269.49474 
 6939000 0.0024548724 -0.0024618815    266.58017 
 6940000 0.0024601154 -0.0024925851    270.49299 
 6941000 0.0023827392  -0.00238974    266.47129 
 6942000 0.0024054485 -0.0024131702    264.86337 
 6943000 0.0024928119 -0.0025124033    271.77681 
 6944000 0.0023387518 -0.0023467203     264.4373 
 6945000 0.0025495963 -0.0025584742    271.21245 
 6946000 0.0023997532 -0.0024013232    270.56527 
 6947000 0.0025025034 -0.0025061538    264.48473 
 6948000 0.0023968064 -0.0023888962     264.9695 
 6949000 0.0023075466 -0.0023103365    264.76881 
 6950000 0.0025381008 -0.002552667    270.39985 
 6951000 0.0024840937 -0.0025027393      270.242 
 6952000 0.0023566236 -0.0023563973    270.17126 
 6953000 0.0023104436 -0.0023077452    266.93696 
 6954000 0.0023599073 -0.0023650179    266.44712 
 6955000 0.0023268675 -0.0022939618     265.0294 
 6956000 0.0023235518 -0.0022897895    264.12634 
 6957000 0.0022176685 -0.0022132684    266.14601 
 6958000 0.0023430911 -0.0023162357    266.81564 
 6959000 0.0022249943 -0.0022032887    265.36451 
 6960000 0.0022811044 -0.0022630998    269.81452 
 6961000 0.0022280325 -0.0022380845    268.54599 
 6962000  0.002337597 -0.0023307831    266.12363 
 6963000 0.0022006568 -0.0022018146    269.58677 
 6964000 0.0024355951 -0.002417413    270.87236 
 6965000  0.002146708 -0.0021611117    264.75501 
 6966000 0.0022902982 -0.0023071707    264.46821 
 6967000 0.0023561147 -0.0023960448    271.13903 
 6968000 0.0024558085 -0.0024403648    268.68164 
 6969000 0.0024685822 -0.0024312317    267.07862 
 6970000 0.0024052078 -0.0023896749    267.35859 
 6971000 0.0023163344 -0.0022965587    266.60337 
 6972000 0.0024150508 -0.0024358406    270.79258 
 6973000  0.002544164 -0.0025332266    268.19197 
 6974000 0.0025931635 -0.0026097655    267.57712 
 6975000 0.0025661464 -0.0025373255    268.97558 
 6976000 0.0026490322 -0.0026225809    273.08005 
 6977000 0.0027320068 -0.0027169119    265.05706 
 6978000 0.0025966195 -0.0025959051    267.99593 
 6979000  0.002674939 -0.002650756    266.33085 
 6980000 0.0025726834 -0.0025777604    263.85758 
 6981000 0.0027810474 -0.002758182    269.47069 
 6982000 0.0025087489 -0.002508729    270.93736 
 6983000 0.0024631275 -0.0024750448    266.77529 
 6984000 0.0025361379 -0.0025657033    271.75755 
 6985000 0.0024904705 -0.0025198198    266.16544 
 6986000  0.002494356 -0.0025034486    264.49228 
 6987000 0.0023294991 -0.0023502016    266.42646 
 6988000 0.0024466948 -0.0024692173    267.14776 
 6989000 0.0024109899 -0.0024621469    264.33282 
 6990000  0.002434957 -0.0024259354    269.05086 
 6991000 0.0024047923 -0.0023977066      266.568 
 6992000 0.0024075478 -0.0023875443    263.77849 
 6993000 0.0022858758 -0.0023124355    271.14175 
 6994000 0.0024271328 -0.0024424323    267.05592 
 6995000 0.0023814911 -0.0024148699    264.59858 
 6996000  0.002402387 -0.0024229027    268.10459 
 6997000 0.0024530746 -0.0024843972    272.75964 
 6998000 0.0023513728 -0.0023866503     267.7547 
 6999000 0.0023309513 -0.0023635862    266.18848 
 7000000  0.002393222 -0.0023558519    269.29928 

