4000000 0.0035985658 
 4001000 0.0030165834 
 4002000 0.0030748455 
 4003000  0.002952838 
 4004000  0.003092341 
 4005000 0.0028745415 
 4006000 0.0028243929 
 4007000 0.0027671877 
 4008000 0.0027231636 
 4009000  0.002867665 
 4010000 0.0028025412 
 4011000 0.0027958651 
 4012000 0.0028043251 
 4013000 0.0028417343 
 4014000 0.0029164509 
 4015000 0.0028117386 
 4016000 0.0028251713 
 4017000 0.0027188592 
 4018000 0.0027384233 
 4019000 0.0026975904 
 4020000 0.0026598559 
 4021000 0.0027956262 
 4022000  0.002580018 
 4023000 0.0024632373 
 4024000 0.0024538431 
 4025000 0.0023265413 
 4026000 0.0023648477 
 4027000 0.0023582137 
 4028000 0.0024282802 
 4029000 0.0023574504 
 4030000 0.0024199294 
 4031000 0.0023392992 
 4032000 0.0022104195 
 4033000  0.002260382 
 4034000 0.0022497042 
 4035000 0.0021267414 
 4036000 0.0021452781 
 4037000 0.0021934459 
 4038000 0.0022477108 
 4039000 0.0020410339 
 4040000 0.0019604808 
 4041000 0.0020566489 
 4042000 0.0020507702 
 4043000 0.0020566097 
 4044000 0.0020826327 
 4045000 0.0019850052 
 4046000 0.0020561913 
 4047000 0.0020715972 
 4048000 0.0020354778 
 4049000 0.0020010719 
 4050000 0.0019831656 
 4051000 0.0019032193 
 4052000 0.0018432371 
 4053000 0.0017089061 
 4054000 0.0016558271 
 4055000 0.0016625542 
 4056000 0.0016877541 
 4057000 0.0016910275 
 4058000 0.0018906728 
 4059000 0.0017379248 
 4060000  0.002003334 
 4061000 0.0019710336 
 4062000 0.0019524819 
 4063000 0.0018898558 
 4064000 0.0019787379 
 4065000 0.0018224852 
 4066000 0.0017976839 
 4067000 0.0018656984 
 4068000 0.0018697833 
 4069000 0.0018107865 
 4070000  0.001832478 
 4071000  0.001908576 
 4072000 0.0018753482 
 4073000 0.0018227527 
 4074000 0.0018576856 
 4075000 0.0019379802 
 4076000 0.0018345561 
 4077000  0.001773531 
 4078000 0.0017929742 
 4079000 0.0020057173 
 4080000 0.0018986472 
 4081000 0.0019132356 
 4082000 0.0019408356 
 4083000 0.0018284354 
 4084000 0.0019654653 
 4085000 0.0020663408 
 4086000 0.0019480201 
 4087000 0.0020787406 
 4088000 0.0019727184 
 4089000 0.0018369769 
 4090000 0.0019313884 
 4091000 0.0019112631 
 4092000 0.0019700029 
 4093000 0.0019574325 
 4094000 0.0019965597 
 4095000  0.001874346 
 4096000 0.0020112724 
 4097000 0.0020630323 
 4098000 0.0019411527 
 4099000  0.001983547 
 4100000 0.0020392603 
 4101000  0.001943098 
 4102000 0.0018962793 
 4103000 0.0019540852 
 4104000 0.0018211075 
 4105000 0.0018137178 
 4106000 0.0017106883 
 4107000 0.0018462976 
 4108000 0.0019112658 
 4109000 0.0019491273 
 4110000 0.0018875907 
 4111000 0.0018517307 
 4112000 0.0018922021 
 4113000 0.0018052544 
 4114000 0.0018011468 
 4115000 0.0019551456 
 4116000 0.0019588199 
 4117000 0.0019236688 
 4118000 0.0019340939 
 4119000 0.0018440561 
 4120000 0.0019310156 
 4121000 0.0018090024 
 4122000 0.0019618555 
 4123000 0.0019376041 
 4124000 0.0019238203 
 4125000 0.0018311485 
 4126000 0.0018420871 
 4127000 0.0017764574 
 4128000 0.0016975946 
 4129000 0.0017882703 
 4130000 0.0016576891 
 4131000 0.0017720208 
 4132000 0.0017665052 
 4133000 0.0017572337 
 4134000 0.0018603073 
 4135000 0.0018339844 
 4136000 0.0018123616 
 4137000 0.0017743713 
 4138000 0.0019298559 
 4139000 0.0017319602 
 4140000 0.0018214726 
 4141000 0.0016806256 
 4142000 0.0016021541 
 4143000 0.0016877107 
 4144000 0.0017613205 
 4145000 0.0017565043 
 4146000  0.001687747 
 4147000 0.0016870469 
 4148000 0.0017398646 
 4149000  0.001858823 
 4150000 0.0017499318 
 4151000 0.0017989211 
 4152000 0.0018028095 
 4153000 0.0018019424 
 4154000 0.0018445648 
 4155000 0.0017102224 
 4156000 0.0015258708 
 4157000 0.0016225713 
 4158000 0.0016228103 
 4159000 0.0015908124 
 4160000 0.0015724407 
 4161000 0.0017532163 
 4162000 0.0016525448 
 4163000  0.001737263 
 4164000  0.001635317 
 4165000 0.0016081537 
 4166000 0.0016756563 
 4167000 0.0015093868 
 4168000 0.0014338116 
 4169000 0.0014581471 
 4170000 0.0014904069 
 4171000 0.0016176703 
 4172000 0.0015738089 
 4173000 0.0016378532 
 4174000 0.0016586593 
 4175000 0.0016320422 
 4176000  0.001435263 
 4177000 0.0015322245 
 4178000 0.0016355413 
 4179000 0.0014776627 
 4180000 0.0015627373 
 4181000 0.0015602268 
 4182000 0.0015067299 
 4183000 0.0014500426 
 4184000 0.0016153826 
 4185000   0.00152402 
 4186000 0.0014313084 
 4187000 0.0014893954 
 4188000 0.0015467906 
 4189000 0.0014722122 
 4190000 0.0016959912 
 4191000 0.0014394772 
 4192000 0.0015658031 
 4193000  0.001680737 
 4194000 0.0015628055 
 4195000 0.0015499711 
 4196000 0.0016234614 
 4197000 0.0014143322 
 4198000 0.0013772891 
 4199000 0.0014411477 
 4200000 0.0014309651 
 4201000 0.0015001954 
 4202000 0.0014293206 
 4203000 0.0014922324 
 4204000 0.0013393357 
 4205000  0.001414909 
 4206000 0.0013065588 
 4207000  0.001268198 
 4208000 0.0014249908 
 4209000 0.0013227798 
 4210000 0.0013373776 
 4211000 0.0014659992 
 4212000 0.0015039179 
 4213000 0.0015419497 
 4214000 0.0014722204 
 4215000 0.0013611327 
 4216000 0.0012562927 
 4217000 0.0014866565 
 4218000 0.0013647758 
 4219000 0.0012637219 
 4220000 0.0013361394 
 4221000 0.0012913919 
 4222000 0.0013415836 
 4223000 0.0012436082 
 4224000 0.0011155954 
 4225000 0.0012222109 
 4226000 0.0010907552 
 4227000  0.001230117 
 4228000 0.0012188025 
 4229000 0.0010045117 
 4230000 0.00095616038 
 4231000 0.0012585202 
 4232000 0.0011918687 
 4233000 0.0011914715 
 4234000 0.0011295433 
 4235000 0.0010388926 
 4236000 0.0011229176 
 4237000 0.0012740316 
 4238000 0.0010274385 
 4239000 0.0012726184 
 4240000 0.0010616444 
 4241000 0.0012928032 
 4242000 0.0012418334 
 4243000 0.0012761512 
 4244000 0.0010857959 
 4245000 0.0011630226 
 4246000 0.00095231701 
 4247000 0.0011571041 
 4248000 0.0010581226 
 4249000 0.0010536561 
 4250000 0.0011298561 
 4251000 0.00091587617 
 4252000 0.0011444161 
 4253000 0.0010139624 
 4254000 0.00092110257 
 4255000  0.001097785 
 4256000 0.0010395391 
 4257000 0.0010318453 
 4258000 0.0010359394 
 4259000 0.0010532921 
 4260000 0.0009587388 
 4261000 0.00094292398 
 4262000 0.0010729331 
 4263000 0.00094086966 
 4264000 0.0011078763 
 4265000 0.0010643678 
 4266000  0.001155219 
 4267000 0.0011368834 
 4268000 0.0010969777 
 4269000 0.0011767441 
 4270000 0.0010080238 
 4271000 0.0010054226 
 4272000 0.0010670464 
 4273000 0.0010137936 
 4274000 0.0010214398 
 4275000 0.0010748861 
 4276000 0.00089412527 
 4277000 0.00096140121 
 4278000 0.0009776688 
 4279000 0.00078082694 
 4280000 0.00080133252 
 4281000 0.00090002603 
 4282000 0.0009700549 
 4283000 0.00079057546 
 4284000 0.00094548417 
 4285000 0.0010193323 
 4286000 0.00091092055 
 4287000 0.0008633836 
 4288000 0.00076285846 
 4289000 0.00070949255 
 4290000 0.00092367862 
 4291000 0.0009364882 
 4292000 0.00079661052 
 4293000 0.00081950405 
 4294000 0.00086356731 
 4295000 0.00083436751 
 4296000 0.00085765663 
 4297000 0.00082852377 
 4298000 0.00072680494 
 4299000 0.00081527747 
 4300000 0.00086818741 
 4301000 0.00076729748 
 4302000 0.00086291751 
 4303000 0.00090585428 
 4304000 0.00082470396 
 4305000 0.00074058156 
 4306000 0.0006853037 
 4307000 0.00091584546 
 4308000 0.00080002953 
 4309000 0.00077405558 
 4310000 0.00086604084 
 4311000 0.0008178272 
 4312000 0.00076351826 
 4313000 0.00062353972 
 4314000 0.00069961717 
 4315000 0.00065820425 
 4316000 0.00068372842 
 4317000 0.00068264383 
 4318000 0.00057936567 
 4319000 0.00063214419 
 4320000 0.00066889292 
 4321000 0.00060279191 
 4322000 0.00052204671 
 4323000 0.00056146662 
 4324000 0.0003813883 
 4325000 0.00062778853 
 4326000 0.00072337507 
 4327000 0.0007100093 
 4328000 0.00061218152 
 4329000 0.00059591729 
 4330000 0.00066334888 
 4331000 0.0006437409 
 4332000 0.00074545749 
 4333000 0.00069778837 
 4334000 0.00070654746 
 4335000 0.00080393127 
 4336000 0.00081158284 
 4337000  0.001027529 
 4338000 0.00089861959 
 4339000 0.00070428309 
 4340000 0.00081170834 
 4341000 0.0008129249 
 4342000 0.00075870478 
 4343000 0.00081764258 
 4344000 0.00088138894 
 4345000 0.00083875337 
 4346000 0.0010344285 
 4347000 0.00099816473 
 4348000 0.0008658297 
 4349000 0.00093475273 
 4350000 0.00087310305 
 4351000 0.00085523588 
 4352000 0.00080591805 
 4353000 0.00090282132 
 4354000 0.00076708003 
 4355000 0.00089801716 
 4356000 0.00094161632 
 4357000 0.0007935856 
 4358000 0.00097945051 
 4359000 0.00093645058 
 4360000 0.00083790917 
 4361000 0.0010471161 
 4362000 0.00091939669 
 4363000 0.00093773969 
 4364000 0.00096135386 
 4365000 0.00099826331 
 4366000 0.00078407984 
 4367000 0.00089674716 
 4368000 0.00081761627 
 4369000 0.00094172305 
 4370000 0.00080586518 
 4371000 0.00089971142 
 4372000 0.00067300239 
 4373000 0.00084492596 
 4374000 0.00095432973 
 4375000 0.0008222734 
 4376000 0.00093868041 
 4377000 0.00089727816 
 4378000 0.00090438015 
 4379000 0.00087729066 
 4380000 0.00071390474 
 4381000 0.00072213424 
 4382000 0.00076355891 
 4383000 0.00064389762 
 4384000 0.0006673398 
 4385000 0.0005845977 
 4386000 0.00057163898 
 4387000 0.00055672328 
 4388000 0.00071002434 
 4389000 0.00074719882 
 4390000 0.00045552256 
 4391000 0.00040195309 
 4392000 0.00047668317 
 4393000 0.00047231438 
 4394000 0.0006175398 
 4395000 0.00071862156 
 4396000 0.00063877294 
 4397000  0.000759719 
 4398000 0.00065154556 
 4399000 0.00063801286 
 4400000 0.00054010966 
 4401000 0.00068523797 
 4402000 0.00047742279 
 4403000 0.00067020834 
 4404000 0.00071983937 
 4405000 0.00065651819 
 4406000 0.00062464581 
 4407000 0.00068972416 
 4408000 0.00058577158 
 4409000 0.00071263045 
 4410000 0.00083811363 
 4411000 0.00080660417 
 4412000 0.00070129213 
 4413000 0.0007964572 
 4414000 0.00061769059 
 4415000 0.0007999114 
 4416000 0.00064568674 
 4417000 0.00068707617 
 4418000   0.00060429 
 4419000 0.00071498944 
 4420000 0.00075374703 
 4421000 0.00064297611 
 4422000 0.00086030008 
 4423000 0.00077452779 
 4424000 0.00071233635 
 4425000 0.00070693742 
 4426000 0.00055114584 
 4427000 0.00057778473 
 4428000 0.00050131089 
 4429000 0.00063229972 
 4430000 0.00067980297 
 4431000 0.00053687224 
 4432000 0.00063596756 
 4433000 0.00067631946 
 4434000 0.00067728182 
 4435000 0.00050483808 
 4436000 0.00054478629 
 4437000 0.00057448564 
 4438000 0.00058413791 
 4439000 0.00053595301 
 4440000 0.00057855898 
 4441000 0.00064124247 
 4442000 0.00064127213 
 4443000 0.00057721603 
 4444000 0.00057521413 
 4445000 0.00079149928 
 4446000 0.00067799669 
 4447000 0.00065693177 
 4448000 0.00062363754 
 4449000 0.00063968168 
 4450000 0.00062669945 
 4451000 0.0007124654 
 4452000 0.00059868062 
 4453000 0.00071643319 
 4454000 0.00064461452 
 4455000 0.00063050012 
 4456000  0.000597944 
 4457000 0.00063036123 
 4458000 0.00053213015 
 4459000 0.00067730778 
 4460000 0.00070916466 
 4461000 0.00059813925 
 4462000 0.00062330624 
 4463000 0.00065060468 
 4464000 0.00062965521 
 4465000 0.00058817983 
 4466000 0.00053214113 
 4467000 0.00050437945 
 4468000 0.00054982623 
 4469000 0.00050812406 
 4470000 0.00046096273 
 4471000 0.00050924384 
 4472000 0.00049118815 
 4473000 0.0006039575 
 4474000 0.00066430102 
 4475000 0.00055920014 
 4476000 0.00044932483 
 4477000 0.00051392158 
 4478000 0.00054594333 
 4479000 0.00055443381 
 4480000 0.00041663801 
 4481000 0.00036896795 
 4482000 0.00053965019 
 4483000 0.00050285378 
 4484000 0.00061430936 
 4485000 0.00056377376 
 4486000 0.00043171246 
 4487000 0.00038355094 
 4488000 0.00040208654 
 4489000 0.00041576405 
 4490000 0.00063610968 
 4491000 0.00048136473 
 4492000 0.00053935002 
 4493000 0.0004090229 
 4494000 0.00051514057 
 4495000 0.00044314106 
 4496000  0.000503602 
 4497000 0.00056149306 
 4498000 0.00047231696 
 4499000 0.00041529141 
 4500000 0.00057564287 
 4501000 0.00062099199 
 4502000 0.00056949519 
 4503000 0.00062182578 
 4504000 0.00051537763 
 4505000 0.00048071614 
 4506000 0.00052591169 
 4507000 0.00051446432 
 4508000 0.00055974145 
 4509000 0.00063737842 
 4510000 0.00065652337 
 4511000 0.00064103919 
 4512000 0.00050714969 
 4513000 0.00051437975 
 4514000 0.00040759151 
 4515000 0.00055945073 
 4516000 0.00064594852 
 4517000 0.00063259224 
 4518000 0.00063121269 
 4519000 0.0006375052 
 4520000 0.00057473946 
 4521000 0.00065344043 
 4522000 0.00045327471 
 4523000 0.00042550568 
 4524000 0.00064064349 
 4525000 0.00037634448 
 4526000 0.00049612883 
 4527000  0.000518999 
 4528000 0.00068716793 
 4529000 0.00066038638 
 4530000 0.00056498608 
 4531000 0.00052304763 
 4532000 0.0006300361 
 4533000 0.0006079948 
 4534000 0.00053906057 
 4535000 0.00078096613 
 4536000 0.00061659283 
 4537000 0.00060312495 
 4538000 0.0006640163 
 4539000 0.00071254287 
 4540000 0.00073426027 
 4541000 0.00066595833 
 4542000 0.00060729501 
 4543000 0.00073688361 
 4544000 0.00067516343 
 4545000 0.00068549557 
 4546000 0.0006380654 
 4547000 0.00078029719 
 4548000 0.0007402538 
 4549000 0.00071479999 
 4550000 0.00067011785 
 4551000 0.00071577677 
 4552000 0.00064412077 
 4553000 0.00055676669 
 4554000 0.00049548195 
 4555000 0.00040632976 
 4556000 0.00041990818 
 4557000 0.00033491095 
 4558000 0.00050514053 
 4559000 0.00060009556 
 4560000 0.00055090837 
 4561000 0.00049910844 
 4562000 0.00050246112 
 4563000 0.00043507314 
 4564000 0.00050714476 
 4565000 0.00055309754 
 4566000 0.00060006609 
 4567000 0.00065596917 
 4568000 0.00061219172 
 4569000 0.00066112133 
 4570000 0.00071212129 
 4571000 0.00079860891 
 4572000 0.00083515395 
 4573000 0.00075239347 
 4574000 0.00074839709 
 4575000 0.00086842585 
 4576000 0.00087415726 
 4577000 0.00087440806 
 4578000 0.00087410792 
 4579000 0.00079556181 
 4580000 0.00073096431 
 4581000 0.00075751237 
 4582000 0.0008805715 
 4583000 0.00081853247 
 4584000 0.00072713351 
 4585000 0.00085658112 
 4586000 0.00098610282 
 4587000 0.00098113145 
 4588000 0.00073306744 
 4589000 0.00078938663 
 4590000 0.00092038864 
 4591000 0.00081066702 
 4592000 0.00082555061 
 4593000 0.00077358914 
 4594000 0.00071593919 
 4595000 0.00072903491 
 4596000 0.00087864238 
 4597000 0.00093762454 
 4598000 0.00077276591 
 4599000 0.00079780458 
 4600000 0.00074933526 
 4601000 0.00078824092 
 4602000 0.00099148658 
 4603000 0.00066794217 
 4604000 0.00063841498 
 4605000 0.00074078273 
 4606000 0.00067769842 
 4607000 0.00069264164 
 4608000 0.00070450617 
 4609000 0.00084873998 
 4610000 0.00074111441 
 4611000 0.00061734456 
 4612000 0.0006012514 
 4613000 0.00070763333 
 4614000 0.00063532788 
 4615000 0.00066558078 
 4616000 0.00067259214 
 4617000 0.00061663927 
 4618000 0.00066667058 
 4619000 0.00070499894 
 4620000 0.00068069068 
 4621000 0.00068842288 
 4622000 0.00059648265 
 4623000 0.00061309078 
 4624000 0.0006561503 
 4625000 0.00066123806 
 4626000 0.00058360185 
 4627000 0.00082177191 
 4628000 0.00068596666 
 4629000 0.00063245803 
 4630000 0.00069110991 
 4631000 0.00051640161 
 4632000 0.00047750735 
 4633000 0.00062470946 
 4634000 0.00066670838 
 4635000 0.00057380431 
 4636000 0.0006632317 
 4637000 0.00055993349 
 4638000 0.00054585132 
 4639000 0.00058364041 
 4640000 0.00050316793 
 4641000 0.00077341326 
 4642000 0.00086558899 
 4643000 0.00085458593 
 4644000 0.00057766273 
 4645000 0.00053076584 
 4646000 0.0006933616 
 4647000 0.00055587084 
 4648000 0.00060729999 
 4649000 0.00069881663 
 4650000 0.0006649246 
 4651000 0.00054254866 
 4652000 0.00066041399 
 4653000 0.00074163331 
 4654000 0.00067025653 
 4655000 0.00067091336 
 4656000 0.0006283037 
 4657000 0.00056099826 
 4658000 0.00057220816 
 4659000 0.00059681508 
 4660000 0.0006534951 
 4661000 0.00054351941 
 4662000 0.00053774545 
 4663000 0.00050930329 
 4664000 0.00068346582 
 4665000 0.0006341373 
 4666000 0.00062975215 
 4667000 0.00074703232 
 4668000 0.00075415639 
 4669000 0.00092130124 
 4670000 0.00082743666 
 4671000 0.00063610326 
 4672000 0.00068157351 
 4673000 0.00061064046 
 4674000 0.00057917307 
 4675000 0.00055588895 
 4676000 0.00059324319 
 4677000 0.00054112569 
 4678000 0.00048656491 
 4679000 0.00050297511 
 4680000 0.00059175031 
 4681000 0.00071414272 
 4682000 0.00059658876 
 4683000 0.00066518356 
 4684000 0.00057627984 
 4685000 0.00073518007 
 4686000 0.00076005203 
 4687000 0.00050421033 
 4688000 0.00065399432 
 4689000 0.00050581733 
 4690000 0.00067799457 
 4691000 0.00053065365 
 4692000 0.00039453035 
 4693000 0.00041748219 
 4694000 0.00041590088 
 4695000 0.00039986644 
 4696000 0.00026673373 
 4697000 0.00042719295 
 4698000 0.00035591927 
 4699000 0.00066026122 
 4700000 0.00050101495 
 4701000 0.00044867196 
 4702000 0.00039048259 
 4703000 0.00046760414 
 4704000 0.00036068617 
 4705000 0.00053149834 
 4706000 0.00045884371 
 4707000 0.00046998101 
 4708000 0.00038833348 
 4709000 0.00045171862 
 4710000 0.00033801533 
 4711000 0.00038866853 
 4712000 0.00032326539 
 4713000 0.00040518771 
 4714000 0.00031297482 
 4715000 0.00013524263 
 4716000 0.00022131779 
 4717000 0.00027590128 
 4718000 7.251673e-05 
 4719000 6.5667521e-05 
 4720000 5.7900448e-05 
 4721000 0.00025556649 
 4722000 0.00013236993 
 4723000 0.00013802147 
 4724000 9.1930068e-05 
 4725000 -2.3077904e-05 
 4726000 9.8927254e-05 
 4727000 0.00017151477 
 4728000 0.00011701442 
 4729000 5.8490009e-05 
 4730000 -7.3220616e-05 
 4731000 0.00019820341 
 4732000 -5.0730956e-06 
 4733000 1.4482126e-05 
 4734000 0.00016169435 
 4735000 2.9636215e-05 
 4736000 0.00017936576 
 4737000 9.5204999e-05 
 4738000 9.1849002e-06 
 4739000 0.00011505914 
 4740000 0.00014866536 
 4741000 0.00023987949 
 4742000 0.00025668151 
 4743000 0.00015343223 
 4744000 0.00021406125 
 4745000 0.00016193604 
 4746000 0.00024906388 
 4747000 9.6223319e-05 
 4748000 4.1024784e-05 
 4749000 -7.0308499e-05 
 4750000 -2.4774531e-05 
 4751000 -4.8472375e-05 
 4752000 -4.9934431e-05 
 4753000 -3.6502961e-06 
 4754000 -0.00015998502 
 4755000 -1.2970128e-05 
 4756000 -3.3985439e-06 
 4757000 -0.00011300658 
 4758000 4.0244066e-06 
 4759000 -4.9883587e-05 
 4760000 9.5867189e-05 
 4761000 -8.11546e-06 
 4762000 4.1883389e-05 
 4763000 -8.3169129e-05 
 4764000 0.00011513703 
 4765000 -4.6459777e-05 
 4766000 0.00010842885 
 4767000 -9.6343118e-05 
 4768000 -4.2089088e-05 
 4769000 -0.00010748372 
 4770000 -0.00010128998 
 4771000 -0.00015825613 
 4772000 -0.00013155274 
 4773000 -0.00012699774 
 4774000 -0.00012501254 
 4775000 -0.00012748488 
 4776000 -0.00013662897 
 4777000 -6.0862679e-05 
 4778000 -9.4467934e-05 
 4779000 9.3236023e-05 
 4780000 0.00012137193 
 4781000 7.1937887e-05 
 4782000 6.5790791e-05 
 4783000 0.00017109288 
 4784000 0.00016072025 
 4785000 -6.3640515e-06 
 4786000 7.404944e-05 
 4787000 -6.1695451e-05 
 4788000 -0.00011382929 
 4789000 -1.9574089e-05 
 4790000 2.8053984e-05 
 4791000 0.00015501258 
 4792000 -4.162071e-05 
 4793000 3.5400755e-05 
 4794000 4.6604228e-05 
 4795000 -5.5191189e-05 
 4796000 -2.5643567e-05 
 4797000 -1.078015e-05 
 4798000 1.6907557e-06 
 4799000 5.5255941e-05 
 4800000 1.6086228e-05 
 4801000 8.1645152e-05 
 4802000 4.4051642e-05 
 4803000 9.7549584e-05 
 4804000 -0.00013686838 
 4805000 6.2571791e-05 
 4806000 0.00010201349 
 4807000 -5.1111047e-05 
 4808000 0.00016350111 
 4809000 0.00014929631 
 4810000 0.00021708013 
 4811000 0.00029789549 
 4812000 0.00015306315 
 4813000 -2.4346266e-05 
 4814000 5.5942801e-05 
 4815000 -4.1485149e-05 
 4816000 7.1092076e-05 
 4817000 2.0151398e-06 
 4818000 9.1780652e-06 
 4819000 -2.0769921e-05 
 4820000 -2.7158014e-05 
 4821000 -5.489299e-05 
 4822000 4.0152242e-05 
 4823000 -1.2307866e-05 
 4824000 -2.7376032e-05 
 4825000 6.9771942e-06 
 4826000 -7.9124169e-05 
 4827000 -0.00011016881 
 4828000 -0.00016839415 
 4829000 -9.9205972e-06 
 4830000 -0.00019381148 
 4831000 -0.00021161569 
 4832000 -2.8856413e-05 
 4833000 -0.00016248981 
 4834000 5.6967349e-05 
 4835000 -0.00011506352 
 4836000 -0.00021140285 
 4837000 -6.8167671e-05 
 4838000 -0.00016334243 
 4839000 -0.00012113414 
 4840000 -0.00018407998 
 4841000 -0.00011858648 
 4842000 -0.00022448105 
 4843000 -2.715024e-05 
 4844000 -0.00024555503 
 4845000 -0.00012508167 
 4846000 -0.0002321068 
 4847000 -0.00020702282 
 4848000 -0.00043315663 
 4849000 -9.2172221e-05 
 4850000 -9.2208589e-05 
 4851000 -6.101368e-05 
 4852000 -0.0001920138 
 4853000 -9.8274209e-05 
 4854000 -9.8889002e-05 
 4855000 -0.00023880591 
 4856000 -0.0001586546 
 4857000 -4.136813e-05 
 4858000 -0.00010193626 
 4859000 -0.00012253538 
 4860000 -9.3934077e-05 
 4861000 -1.310915e-05 
 4862000 -0.00010199057 
 4863000 1.1972693e-05 
 4864000 4.7196052e-05 
 4865000 -0.00016317732 
 4866000 -0.00027424786 
 4867000 -0.00013280675 
 4868000 -0.00013746749 
 4869000 -0.00017636743 
 4870000 -0.00010826867 
 4871000 -0.00010464066 
 4872000 -6.0728611e-05 
 4873000 -0.00023597436 
 4874000 -6.2467681e-05 
 4875000 -0.00010337362 
 4876000 -9.6846295e-05 
 4877000 -0.00020433927 
 4878000 -0.000215248 
 4879000 -0.00029635786 
 4880000 -0.00012794687 
 4881000 -2.8912003e-05 
 4882000 -0.00015200925 
 4883000 -7.0582849e-05 
 4884000 -0.00013871215 
 4885000 2.594455e-06 
 4886000 -0.00014978871 
 4887000 -0.00013242931 
 4888000 -0.00016599539 
 4889000 -0.00035077873 
 4890000 -0.00024584445 
 4891000 -0.00014726289 
 4892000 -0.00019450158 
 4893000 -0.0001086084 
 4894000 -0.00014982879 
 4895000 -0.00019865977 
 4896000 -3.2845992e-05 
 4897000 -0.00017225297 
 4898000 -0.0002634146 
 4899000 -0.00015000306 
 4900000 -5.1281022e-05 
 4901000 -9.2330785e-05 
 4902000 -0.00011154204 
 4903000 1.5309603e-05 
 4904000 -3.5882979e-05 
 4905000 -0.00018243445 
 4906000 -0.00017294181 
 4907000 -0.00028035167 
 4908000 -0.00017234478 
 4909000 -0.00014054562 
 4910000 -2.8508415e-05 
 4911000 -5.9814352e-05 
 4912000 1.7054906e-05 
