 5000000            0            0    321.52459 
 5001000 0.00083236082 -0.00089293397    270.47284 
 5002000 0.0010430718 -0.0011232665    267.16654 
 5003000 0.0013787755 -0.0014253563    265.85509 
 5004000 0.0013235591 -0.0013391183    272.77687 
 5005000 0.0014789271 -0.0015191783    265.86287 
 5006000 0.0014931292 -0.0015255249     262.6277 
 5007000 0.0015529587 -0.0015695227    266.89688 
 5008000 0.0015718604 -0.0015978457     262.1587 
 5009000 0.0015245617 -0.0015674807    266.24325 
 5010000 0.0017584953 -0.0018153914    264.08532 
 5011000 0.0017239519 -0.0017586734    271.31499 
 5012000  0.001705026 -0.0017387142    264.21478 
 5013000 0.0017028859 -0.0017347676    269.26622 
 5014000  0.001714589 -0.0017394334    274.19627 
 5015000 0.0016392711 -0.0016878132      265.404 
 5016000 0.0016981975 -0.0017597846    267.58188 
 5017000 0.0016832372 -0.0016994798    268.38745 
 5018000  0.001727514 -0.0018006248    264.64951 
 5019000 0.0017926728 -0.0018642244    272.53467 
 5020000  0.001904048 -0.0019334814     271.4102 
 5021000 0.0019081674 -0.0019205539    263.77581 
 5022000 0.0018103336 -0.0018697143    266.33897 
 5023000 0.0022108003 -0.0022390036     271.4743 
 5024000  0.001955207 -0.0019873224    263.40812 
 5025000 0.0020408285 -0.0020736543    264.08067 
 5026000 0.0018326462 -0.0018790829    265.95865 
 5027000 0.0019858057 -0.0020010608    270.42286 
 5028000 0.0020485688 -0.0020782944    270.46587 
 5029000 0.0022230288 -0.0022592149     265.4135 
 5030000 0.0022576247 -0.0022822973    267.90322 
 5031000 0.0022621485 -0.0022965469     269.6913 
 5032000 0.0024247791 -0.0024292579    271.96723 
 5033000 0.0023113731 -0.0023875603    268.05522 
 5034000 0.0021640621 -0.0021601017    270.06081 
 5035000 0.0021750411 -0.0021980267    266.75133 
 5036000 0.0022236543 -0.0022506437    266.28732 
 5037000 0.0022684672 -0.002329397    269.99944 
 5038000 0.0024157314 -0.0024546232    267.85076 
 5039000 0.0025291887 -0.0025800841    269.84616 
 5040000 0.0025547464 -0.0025752436    265.41342 
 5041000  0.002503385 -0.0025688167    270.53812 
 5042000 0.0024932803 -0.0025386929    270.38305 
 5043000 0.0025135196 -0.0025525026    267.65848 
 5044000 0.0024006112 -0.0024174269    262.89911 
 5045000 0.0024248616 -0.0024848182     270.5171 
 5046000 0.0026048001 -0.0026466178    266.80845 
 5047000 0.0026048007 -0.002623034    271.40426 
 5048000 0.0025698459 -0.002594409    266.32629 
 5049000 0.0026467546 -0.0026867428    268.45478 
 5050000 0.0024552381 -0.0024781988    270.65152 
 5051000 0.0025989489 -0.0026240593    267.33709 
 5052000 0.0025264915 -0.0025451801    264.28518 
 5053000  0.002781229 -0.002809566    267.86087 
 5054000 0.0027934133 -0.0028457087    272.15674 
 5055000 0.0027148417 -0.0027322487    272.00185 
 5056000 0.0029473023 -0.0029846002    262.93796 
 5057000 0.0027945306 -0.0028398219    268.06806 
 5058000 0.0028351224 -0.0028698968    265.70265 
 5059000 0.0028826011 -0.0029174319    268.26548 
 5060000 0.0028892735 -0.0029309313    270.08691 
 5061000   0.00290721 -0.002966062    267.76231 
 5062000 0.0027800539 -0.0028003395    266.46533 
 5063000 0.0028007542 -0.0028016349    266.57932 
 5064000 0.0028355644 -0.0028331926    268.16503 
 5065000 0.0028332826 -0.0028978553    267.18207 
 5066000 0.0028549832 -0.0028608329    267.79882 
 5067000 0.0028770334 -0.0029462954    268.50278 
 5068000 0.0029405389 -0.0029385649    272.25295 
 5069000 0.0030675273 -0.003114656    271.15395 
 5070000 0.0029018632 -0.0029141289    268.74884 
 5071000 0.0031093899 -0.0031413866    268.90125 
 5072000 0.0031887344 -0.0032188287    265.08789 
 5073000 0.0033265856 -0.0033665091    263.06051 
 5074000 0.0031817833 -0.0031957301    265.64513 
 5075000  0.003223695 -0.0032612351    271.49977 
 5076000 0.0032361742 -0.0032496704    264.90099 
 5077000 0.0033072179 -0.0033620361    267.65564 
 5078000 0.0032384264 -0.0032706126    273.55872 
 5079000    0.0032639 -0.003266795    265.46618 
 5080000 0.0031832499 -0.0032026077    267.22267 
 5081000  0.003060773 -0.0031080991    263.84869 
 5082000 0.0031051083 -0.0031534016    259.90068 
 5083000 0.0032031912 -0.0032534517    268.00395 
 5084000 0.0031356079 -0.0031864483    268.02744 
 5085000 0.0031243558 -0.0031857035    262.52402 
 5086000 0.0030059565 -0.0030583711    271.69223 
 5087000 0.0031319285 -0.0031770973    266.72808 
 5088000 0.0030418262 -0.0030777795    266.02931 
 5089000 0.0031359256 -0.0031537296    265.18825 
 5090000 0.0033126809 -0.0033928276    267.54953 
 5091000 0.0033017819 -0.0033561546    272.79298 
 5092000  0.003283857 -0.0033209786    264.61982 
 5093000 0.0032620342 -0.0032828373    269.49737 
 5094000 0.0034324231 -0.0034792381    261.70287 
 5095000 0.0033830247 -0.0034398184    266.11148 
 5096000 0.0031593848 -0.0032202377    274.87539 
 5097000   0.00319151 -0.0032120889    267.63161 
 5098000 0.0032938223 -0.0033330223    268.27872 
 5099000 0.0032755784 -0.0033229321    261.21839 
 5100000  0.003235336 -0.0032643899    268.12682 
 5101000 0.0032749312 -0.0032948542    269.29447 
 5102000 0.0032945223 -0.0033186339    270.21286 
 5103000 0.0033223954 -0.003360188    268.55153 
 5104000 0.0034289504 -0.0034501292    269.96621 
 5105000 0.0033905961 -0.0034174723    266.56936 
 5106000 0.0035010105 -0.0035617704    262.09499 
 5107000 0.0034110211 -0.0034453722    261.81424 
 5108000  0.003507185 -0.0035581982    263.76826 
 5109000 0.0034711175 -0.0035123187    270.83941 
 5110000 0.0033755334 -0.0034303396    269.59984 
 5111000 0.0033911799 -0.0034356539    266.46828 
 5112000 0.0035065669 -0.0035797038    271.01195 
 5113000 0.0033864238 -0.0033996447    267.74726 
 5114000 0.0034031328 -0.003436799    265.68685 
 5115000 0.0034656148 -0.0035132289    267.71421 
 5116000 0.0033434371 -0.003388615    270.51096 
 5117000 0.0033974371 -0.0034395719    267.84378 
 5118000 0.0033706009 -0.0034234303    268.78014 
 5119000  0.003339765 -0.0033955802    263.58501 
 5120000  0.003366929 -0.0034029849    268.25712 
 5121000 0.0034745138 -0.003506881    265.24763 
 5122000 0.0033926371 -0.0034384939     268.9967 
 5123000 0.0034550251 -0.0034758509    267.89047 
 5124000 0.0034490546 -0.0034985155    265.87081 
 5125000 0.0032343803 -0.0032664712    267.29008 
 5126000 0.0035026619 -0.003517763    264.50057 
 5127000 0.0034861004 -0.0035616755    264.54604 
 5128000 0.0035792235 -0.0036010234    265.58517 
 5129000 0.0036113997 -0.0036483983    265.38209 
 5130000 0.0037200689 -0.0037708528    269.32951 
 5131000 0.0037273307 -0.0037679796    272.72558 
 5132000 0.0037508386 -0.0037769976    268.19097 
 5133000 0.0036263906 -0.0036382481    263.93125 
 5134000 0.0036340902 -0.0036808577    266.97704 
 5135000 0.0036276157 -0.0037066551    265.66796 
 5136000 0.0037491537 -0.0037998899    268.06983 
 5137000 0.0038831653 -0.0038840732    266.98166 
 5138000 0.0038915954 -0.0039482186    265.48738 
 5139000 0.0038521723 -0.0038946074     265.1045 
 5140000 0.0039420401 -0.0039504507    265.56605 
 5141000 0.0039113812 -0.0039672447    269.20944 
 5142000 0.0039974814 -0.0040258872    266.67508 
 5143000   0.00388967 -0.0039441287    267.90563 
 5144000 0.0039458136 -0.0039650592    268.36734 
 5145000 0.0037523212 -0.0037556494    271.56822 
 5146000 0.0036859533 -0.0037173413    265.20697 
 5147000 0.0036740737 -0.0036847619    264.40933 
 5148000 0.0036100076 -0.0036493218    266.47615 
 5149000 0.0038601866 -0.003898273    267.92276 
 5150000 0.0038271494 -0.0038418117    263.71508 
 5151000 0.0038449937 -0.0038802522    268.73255 
 5152000 0.0038598293 -0.0038773397    266.18295 
 5153000 0.0039457336 -0.0039759474    268.31892 
 5154000 0.0039160572 -0.0039478972    268.27748 
 5155000 0.0039666183 -0.0040306577      267.786 
 5156000 0.0038117257 -0.0038401547    274.05323 
 5157000 0.0039551339 -0.0040012754    266.35098 
 5158000 0.0038483386 -0.0038705234    266.62731 
 5159000 0.0039538778 -0.0039919166    266.22949 
 5160000 0.0038951227 -0.0039408223    265.29029 
 5161000 0.0039021576 -0.0039249564    269.98215 
 5162000 0.0038425365 -0.0039128121     268.0487 
 5163000 0.0037993069 -0.0038211565    269.68971 
 5164000 0.0036307814 -0.003665484    263.71877 
 5165000 0.0037595324 -0.0037761865    265.55068 
 5166000 0.0035950672 -0.0036304988    269.29832 
 5167000 0.0035835279 -0.0036251218    265.97577 
 5168000 0.0036312133 -0.003670535    268.06687 
 5169000 0.0036817818 -0.0037374152    269.15481 
 5170000 0.0037464416 -0.0037683435    266.13477 
 5171000 0.0036796263 -0.0036999388    268.00474 
 5172000 0.0036956824 -0.0037373089    265.12764 
 5173000  0.003797645 -0.0037961452    270.80876 
 5174000 0.0037879373 -0.0038086515    271.24944 
 5175000 0.0038206075 -0.0038525361    264.90917 
 5176000 0.0037958519 -0.0038367907    268.65251 
 5177000 0.0037208905 -0.0037752642     269.0869 
 5178000 0.0037632381 -0.0037774588    266.91447 
 5179000 0.0038372168 -0.0038777178    268.96998 
 5180000 0.0036835145 -0.0037039427    269.57753 
 5181000 0.0035817696 -0.0035945019    269.23774 
 5182000 0.0037660702 -0.0038082737    264.70782 
 5183000 0.0040124376 -0.0040350425    263.98576 
 5184000 0.0038880749 -0.0038727195    266.97302 
 5185000 0.0040720074 -0.004056687    270.12828 
 5186000 0.0039284526 -0.0039181644    273.23926 
 5187000 0.0037869679 -0.0037775949    264.73595 
 5188000 0.0038352156 -0.0038458779    273.56001 
 5189000 0.0037338112 -0.0037603696    265.51215 
 5190000 0.0037860894 -0.0037963941    265.97471 
 5191000 0.0039444289 -0.0039616974    273.82513 
 5192000 0.0040801687 -0.004102881    266.77962 
 5193000 0.0040354011 -0.0040585545    269.59695 
 5194000 0.0038572476 -0.0038682518    269.16065 
 5195000 0.0040122498 -0.0040622261    266.82363 
 5196000 0.0039041438 -0.0039577353     268.5989 
 5197000 0.0040536597 -0.0040591263    273.19298 
 5198000 0.0038270155 -0.0038703174    269.69447 
 5199000 0.0039323666 -0.0039673209    271.43699 
 5200000 0.0039995974 -0.0040363507    266.11412 
 5201000 0.0040290456 -0.0040436773    266.74716 
 5202000 0.0040183398 -0.0040413647    270.27427 
 5203000 0.0038969402 -0.0039460762    268.67993 
 5204000 0.0041108156 -0.0041339177    263.97259 
 5205000 0.0039544541 -0.0039629322    268.67635 
 5206000  0.003763154 -0.0038005647    263.97884 
 5207000 0.0038462485 -0.0038566707    266.69634 
 5208000 0.0039573165 -0.0040077557    271.15243 
 5209000 0.0039962032 -0.0040366249    264.52435 
 5210000 0.0038305676 -0.0038378968    269.98492 
 5211000  0.003926221 -0.0039818777    266.62197 
 5212000 0.0039997881 -0.0040636764    271.13304 
 5213000 0.0039385685 -0.0039803887    266.97904 
 5214000 0.0039294729 -0.0039586814    270.28447 
 5215000 0.0038893443 -0.003959268     273.1161 
 5216000 0.0038103813 -0.0038660885    268.19056 
 5217000 0.0039055149 -0.0039597663    268.35705 
 5218000 0.0037938273 -0.003831453    269.16102 
 5219000 0.0039055153 -0.0039592546    268.57424 
 5220000 0.0038216604 -0.0038265065    267.66007 
 5221000 0.0038789821 -0.0038789239     269.9267 
 5222000 0.0039112966 -0.0039486958     269.0247 
 5223000 0.0040069665 -0.0040383162    275.90401 
 5224000 0.0040627744 -0.004109523    261.68086 
 5225000 0.0040241776 -0.0040316101    269.41683 
 5226000 0.0040148891 -0.0040436026    264.28251 
 5227000 0.0039601109 -0.0040041495    266.12333 
 5228000 0.0039452312 -0.003942894    267.15984 
 5229000 0.0039054611 -0.0039626405    270.60873 
 5230000 0.0039170627 -0.0039774701    266.49733 
 5231000 0.0041308961 -0.0041631554    266.71912 
 5232000 0.0039190405 -0.0039415336    268.54027 
 5233000 0.0038506975 -0.003877932    267.70145 
 5234000 0.0038713413 -0.0039346783    266.53622 
 5235000 0.0038275782 -0.0038422466    268.78388 
 5236000 0.0039479348 -0.0039549575    270.97102 
 5237000 0.0040790107 -0.0041108504    267.84496 
 5238000 0.0039760252 -0.0040034555    266.60665 
 5239000 0.0039160288 -0.0039199632     266.9039 
 5240000 0.0040505663 -0.0040656481     267.2367 
 5241000 0.0040414245 -0.0040453565    262.30558 
 5242000 0.0041829747 -0.004192983    268.29894 
 5243000 0.0039642541  -0.00397632    273.16751 
 5244000 0.0040782877 -0.0040891953    269.96684 
 5245000 0.0040664723 -0.0040891798    270.19906 
 5246000 0.0041425009 -0.0041551423    266.03235 
 5247000 0.0041041397 -0.0041263252     268.6218 
 5248000 0.0042088141 -0.0042181759    267.00787 
 5249000 0.0040867561 -0.0040956524    266.53333 
 5250000  0.004156003 -0.0041589203     264.5082 
 5251000 0.0039603209 -0.0039817481    275.37202 
 5252000 0.0040834226 -0.0040812172     268.8936 
 5253000 0.0040860823 -0.0041120944     267.5956 
 5254000 0.0041571886 -0.004159545    266.66417 
 5255000 0.0041732301 -0.0041824556    272.87085 
 5256000 0.0041694494 -0.0041822415    263.73047 
 5257000 0.0044665681 -0.0044316112    269.72832 
 5258000 0.0042534876 -0.0042339287    263.35676 
 5259000 0.0041928852 -0.0041884046    265.16991 
 5260000 0.0040391631 -0.0040291932    266.16087 
 5261000 0.0039255276 -0.0039320958    273.70137 
 5262000 0.0039615733 -0.0039864962    266.60449 
 5263000 0.0039644636 -0.0040169512    266.83305 
 5264000 0.0040863927 -0.0040854228    270.90042 
 5265000 0.0039889048 -0.0039992157    261.84182 
 5266000 0.0040533383 -0.0040611915    268.09242 
 5267000 0.0038357093 -0.0038301962      271.721 
 5268000 0.0039460172 -0.0039859533    267.44251 
 5269000 0.0040960764 -0.0041250617    271.22861 
 5270000 0.0040997181 -0.0041466482    267.05281 
 5271000 0.0039087102 -0.0039593843    268.77782 
 5272000 0.0039881895 -0.0040101908    266.65264 
 5273000  0.004080985 -0.0041196444    269.75329 
 5274000 0.0040590211 -0.0040543918    262.76614 
 5275000 0.0039422091 -0.0039501706      267.617 
 5276000 0.0040674327 -0.0041011016     272.1829 
 5277000 0.0041458881 -0.0041927597    271.68395 
 5278000 0.0041462341 -0.0041680936    267.02737 
 5279000 0.0041562406 -0.0041925723    267.98972 
 5280000 0.0041154654 -0.0041603874    260.29628 
 5281000 0.0040825633 -0.0041160661    265.07843 
 5282000 0.0040721277 -0.0040639869    270.18132 
 5283000  0.004151215 -0.0041597646    263.42567 
 5284000 0.0040801843 -0.0041167802    269.75651 
 5285000 0.0041179439 -0.0041622116    269.81276 
 5286000 0.0039728338 -0.0040028789    271.14921 
 5287000  0.004122072 -0.0041260567    268.19111 
 5288000 0.0041420922 -0.0041557286    263.85969 
 5289000 0.0042027704 -0.0042450742    270.50229 
 5290000 0.0042430574 -0.0042487847    266.32505 
 5291000 0.0041829525 -0.0041999868    275.06992 
 5292000 0.0041310578 -0.0041599525    266.63167 
 5293000 0.0041500648 -0.0041293976    265.78014 
 5294000 0.0041062558 -0.0041217611    270.02892 
 5295000 0.0041226568 -0.0041300644    269.90743 
 5296000 0.0040926308 -0.0041062402    265.52769 
 5297000 0.0039357113 -0.0039359721    264.18202 
 5298000 0.0041182828 -0.0041012734    268.72168 
 5299000 0.0041708241 -0.0041609307    266.70729 
 5300000 0.0041472064 -0.0041707124    270.12326 
 5301000 0.0042739332 -0.0042771094    266.38509 
 5302000  0.004149785 -0.0041704671      267.973 
 5303000  0.004415707 -0.0044060642    266.58108 
 5304000  0.004213102 -0.0041869126    267.09824 
 5305000 0.0043083551 -0.004297481    269.50368 
 5306000 0.0043656689 -0.0043253768    267.15739 
 5307000 0.0043462369 -0.0043132541     271.2576 
 5308000 0.0043726255 -0.0043359131    270.61487 
 5309000 0.0041677307 -0.0041631929    268.28132 
 5310000  0.004310147 -0.004263381      269.091 
 5311000 0.0042344786 -0.0042033968    268.05102 
 5312000 0.0042042362 -0.0042214972    263.49425 
 5313000 0.0042987768 -0.004299651     273.0918 
 5314000 0.0042032404 -0.0042049079    266.39194 
 5315000  0.004306185 -0.0043156924    270.72677 
 5316000 0.0041399318 -0.0041407833    267.73398 
 5317000 0.0042124313 -0.0041991701    268.37287 
 5318000 0.0042457407 -0.0042338676    268.21094 
 5319000 0.0044836765 -0.0044946369     268.6467 
 5320000 0.0044342396 -0.0044390857    264.33121 
 5321000 0.0044011202 -0.004433338    266.31756 
 5322000 0.0042950206 -0.0043044419    266.99286 
 5323000 0.0044969955 -0.0045002363    267.59455 
 5324000  0.004406071 -0.0044107366    262.74789 
 5325000 0.0045083548 -0.0045382172     267.6976 
 5326000 0.0044926791 -0.0045306267    266.76389 
 5327000 0.0044896801 -0.0044786957    270.58685 
 5328000 0.0045665008 -0.004565391    274.19051 
 5329000 0.0045753486 -0.0045700721     270.8481 
 5330000 0.0045097777 -0.0045086554    266.19958 
 5331000 0.0044493685 -0.0044433963    264.37291 
 5332000  0.004538111 -0.0045449229    267.48216 
 5333000 0.0043915328 -0.0043973147    272.35304 
 5334000 0.0046331481 -0.0046603604    265.97004 
 5335000 0.0047109099 -0.0047080173    271.35512 
 5336000 0.0045928585 -0.0045988633    271.73407 
 5337000 0.0044689241 -0.0044577022    266.97776 
 5338000 0.0046670661 -0.0046631909    271.54957 
 5339000  0.004463141 -0.0044816604    267.24126 
 5340000  0.004585957 -0.0046206222    269.07713 
 5341000 0.0046770112 -0.0047215647    269.16532 
 5342000 0.0044707909 -0.004460876    264.14039 
 5343000 0.0046680754 -0.0046633373    270.59496 
 5344000 0.0046759653 -0.0046794664     267.8839 
 5345000 0.0047218017 -0.0047528732    275.55721 
 5346000 0.0047301344 -0.004737383    266.12056 
 5347000 0.0047716725 -0.0047594278    270.64269 
 5348000 0.0049186163 -0.0049297715      265.901 
 5349000 0.0048862733 -0.0049259754    268.67226 
 5350000 0.0047716709 -0.0047629809    267.17785 
 5351000 0.0048804426 -0.0048668779    271.42357 
 5352000 0.0050356213 -0.0050536778    270.90681 
 5353000 0.0049042535 -0.0049150764    268.98831 
 5354000 0.0047937164 -0.0047913694     267.8322 
 5355000 0.0049631339 -0.0049786624    269.22459 
 5356000 0.0048775483 -0.0049092117    269.89269 
 5357000 0.0047912406 -0.0048085131     260.8562 
 5358000 0.0047527144 -0.0047715279    268.51726 
 5359000 0.0048895049 -0.0049072295    271.74231 
 5360000 0.0047115799 -0.0047209608    263.67234 
 5361000 0.0048146677 -0.0047936039    268.89696 
 5362000 0.0047250834 -0.0047430679    273.40643 
 5363000 0.0049247077 -0.0049166276    271.08716 
 5364000 0.0048083041 -0.0048052098    267.70569 
 5365000 0.0046882076 -0.0046823534    268.62086 
 5366000 0.0047967435 -0.0048225868    268.54994 
 5367000 0.0047164688 -0.0047282755    269.79564 
 5368000 0.0046683585 -0.0046741592    264.14843 
 5369000 0.0048112032 -0.004836148    269.54755 
 5370000 0.0046748574 -0.0046915061    268.09368 
 5371000 0.0048054063 -0.0048515161    272.54279 
 5372000 0.0047604066 -0.0047940573    265.95566 
 5373000 0.0048075065 -0.0048069406    263.45413 
 5374000  0.004738663 -0.0047766227    269.99399 
 5375000  0.004723383 -0.0047464684    266.39287 
 5376000  0.004859254 -0.0048757822    267.38956 
 5377000 0.0047799802 -0.0048015308    267.19164 
 5378000 0.0047643684 -0.004795767    268.58608 
 5379000  0.004826549 -0.004819849    264.01283 
 5380000 0.0049436479 -0.0049983431    267.39645 
 5381000  0.004822783 -0.0048215096    268.09137 
 5382000 0.0049613455 -0.0049664371    263.41126 
 5383000 0.0048259682 -0.0048283362    263.58526 
 5384000 0.0049140041 -0.0049119668    267.08244 
 5385000 0.0048867122 -0.0048875236    265.60534 
 5386000 0.0048069296 -0.0048180026    266.57194 
 5387000 0.0048116173 -0.0048244312    269.40144 
 5388000 0.0048487773 -0.0048496582     266.0706 
 5389000 0.0049382516 -0.0049241521    268.17583 
 5390000 0.0048562317 -0.0048692531    268.61533 
 5391000 0.0048784761 -0.0049208766    269.63051 
 5392000 0.0048695453 -0.0048929841    264.86291 
 5393000 0.0047675035 -0.0047946786    270.01786 
 5394000 0.0049718322 -0.0049900891    272.58487 
 5395000 0.0048692725 -0.004878233    265.03369 
 5396000 0.0048849436 -0.0049080348    268.61139 
 5397000  0.004501594 -0.0045314734    266.17808 
 5398000 0.0046587699 -0.0046793562    260.90715 
 5399000 0.0047147113 -0.0047294933    267.30778 
 5400000 0.0045983985 -0.0046517149    266.43368 
 5401000 0.0047697444  -0.00477413    265.25817 
 5402000 0.0048274254 -0.004871088    267.01168 
 5403000 0.0049151654 -0.0049626745    268.69609 
 5404000 0.0047762079 -0.0048056522    264.69664 
 5405000 0.0048500958 -0.0048878632    262.50562 
 5406000 0.0048124465 -0.0048075506    266.38414 
 5407000 0.0048611908 -0.0048869676    265.33414 
 5408000 0.0048308313 -0.0048805166    273.48659 
 5409000 0.0049041207 -0.0049562322    262.14458 
 5410000 0.0049377926 -0.0049990087    266.41201 
 5411000 0.0050072561 -0.0050319071    267.38251 
 5412000 0.0051290872 -0.0052094716    263.96845 
 5413000  0.005006097 -0.0050135962    272.77423 
 5414000 0.0049915372 -0.0050173028    269.68905 
 5415000 0.0051128724 -0.005170103     268.4007 
 5416000 0.0050840934 -0.0050916754    266.49087 
 5417000 0.0051254945 -0.0051599834    268.53894 
 5418000 0.0049303385 -0.0049884455    271.96588 
 5419000 0.0050249959 -0.0050441895    262.80705 
 5420000 0.0047995089 -0.0048307662    267.41634 
 5421000 0.0046539801 -0.0046912489    271.27602 
 5422000  0.004882639 -0.004908779    264.49936 
 5423000  0.004731504 -0.0047392265     268.9956 
 5424000 0.0046171655 -0.0046611827    268.51819 
 5425000 0.0047967065 -0.0047899228    265.47925 
 5426000 0.0049272469 -0.0049612144    264.24811 
 5427000 0.0047828091 -0.0048262707     266.8189 
 5428000 0.0048438401 -0.0048309468    264.43349 
 5429000 0.0049852867 -0.0050170879    266.87867 
 5430000 0.0049354473  -0.00493963    268.32411 
 5431000  0.004918653 -0.0049482917    265.29436 
 5432000 0.0049110763 -0.0049491361    267.96983 
 5433000 0.0050315004 -0.005057623    273.73952 
 5434000 0.0049311007 -0.0049705173    266.97379 
 5435000 0.0049020577 -0.0049346282    266.47036 
 5436000 0.0047636232 -0.004782694      268.001 
 5437000 0.0049104064 -0.0049248858    262.31995 
 5438000 0.0050620467 -0.005080405    266.91989 
 5439000 0.0047869384 -0.0048077819     266.7823 
 5440000 0.0049499005 -0.0049849391    259.89956 
 5441000 0.0047614114 -0.0047912924    269.84282 
 5442000 0.0048326249 -0.0048369184    267.55424 
 5443000 0.0047664468 -0.0048339661    266.53414 
 5444000 0.0048538024 -0.0048715947    266.87346 
 5445000 0.0048213357 -0.0048477478    269.27722 
 5446000 0.0047691155 -0.0048003985     264.9896 
 5447000 0.0047860601 -0.0048078801     267.7133 
 5448000 0.0048692599 -0.0049108367    269.96688 
 5449000 0.0047704298 -0.0047740465     269.1534 
 5450000  0.004824804 -0.0048504488    263.33177 
 5451000 0.0048206353 -0.0048269633    263.25971 
 5452000 0.0048070537  -0.00484744    268.55566 
 5453000 0.0049033316 -0.0049058274    271.71294 
 5454000 0.0050150476 -0.0050230498    266.98456 
 5455000 0.0051203068 -0.0051680537    267.18548 
 5456000 0.0049688375 -0.0049869361    260.85444 
 5457000  0.004983913 -0.0050105328    269.43922 
 5458000 0.0050975297 -0.0051506483    269.52664 
 5459000 0.0050120754 -0.0050421778    262.26117 
 5460000 0.0048363007 -0.0048310452    268.12066 
 5461000 0.0050560239 -0.0050745687    267.82433 
 5462000 0.0049435166 -0.0049500818    265.53613 
 5463000 0.0050054224 -0.0050356664    266.53897 
 5464000 0.0048868566 -0.004934195     269.1631 
 5465000  0.005019055 -0.005081182    269.82971 
 5466000 0.0049728255 -0.004970586    267.75433 
 5467000 0.0051637554 -0.0051768931    265.97794 
 5468000 0.0050666555 -0.0050684039    273.51647 
 5469000 0.0050274478 -0.0050341632    271.64676 
 5470000 0.0051025498 -0.0051365844    265.22716 
 5471000 0.0050128253 -0.0050524094    265.30468 
 5472000 0.0050708021 -0.0051250185    268.36208 
 5473000 0.0051900321 -0.0052089053    270.70084 
 5474000 0.0052082265 -0.0052476948    269.93994 
 5475000 0.0052583164 -0.0052839401    273.76328 
 5476000 0.0052692575 -0.0052994157    267.73223 
 5477000 0.0052475715 -0.0052679611    264.79739 
 5478000 0.0052248392 -0.0052452018    266.17759 
 5479000 0.0051425993 -0.0051370258    266.19733 
 5480000 0.0051160095 -0.005131973    268.83178 
 5481000 0.0049396991 -0.0049596718    268.64908 
 5482000  0.005054585 -0.0050711405     269.6177 
 5483000 0.0051781137 -0.0052065305    267.55261 
 5484000 0.0050983167 -0.0051145896     260.3157 
 5485000 0.0050788217 -0.0051276366    267.62564 
 5486000 0.0050274356 -0.0050262449    267.24911 
 5487000 0.0050343041 -0.0050695663    268.58432 
 5488000 0.0051157207 -0.0051408236    261.19521 
 5489000 0.0051182134 -0.0051455502    267.00353 
 5490000 0.0052633301 -0.0053419332     268.8435 
 5491000 0.0051927632 -0.0052558082    266.75473 
 5492000 0.0051990082 -0.0052222249    264.75002 
 5493000 0.0052716314 -0.0052869465    269.93458 
 5494000 0.0051404887 -0.0051255919    267.40337 
 5495000 0.0050116542 -0.0050517359    271.63169 
 5496000 0.0051615501 -0.0052231365    268.44042 
 5497000 0.0052987486 -0.0053181942    264.91139 
 5498000 0.0050655305 -0.0050884936    262.56708 
 5499000 0.0052201333 -0.0052927604    272.02424 
 5500000 0.0052481737 -0.0052382608    264.96262 
 5501000 0.0051051978 -0.0051133395    271.01661 
 5502000  0.005153223 -0.0052206093    269.49682 
 5503000 0.0051324762 -0.0051837364     261.9385 
 5504000 0.0049667921 -0.0050116989    269.59194 
 5505000 0.0049924613 -0.0050385012    267.71871 
 5506000 0.0049842801 -0.0050037697    273.98227 
 5507000 0.0049826207 -0.0050477524    268.52644 
 5508000  0.004963239 -0.0049746769    264.73676 
 5509000 0.0049705569 -0.0050072344    269.34494 
 5510000 0.0049968279 -0.005022726    268.38708 
 5511000 0.0049717861 -0.0049927814    264.76767 
 5512000  0.004923137 -0.004952708    275.33576 
 5513000 0.0050658504 -0.0050872294    266.96913 
 5514000 0.0049683188 -0.0050294285    268.50526 
 5515000 0.0049252522 -0.0049527966    261.94805 
 5516000 0.0049176116 -0.0049430027    268.50026 
 5517000 0.0050664367 -0.005132153    268.74118 
 5518000 0.0049877866 -0.0050356304     270.7485 
 5519000 0.0049455246 -0.0049439459     262.9598 
 5520000 0.0050208986 -0.0050579137    270.01143 
 5521000 0.0047953034 -0.0048391465    276.28358 
 5522000 0.0049982765 -0.0050197527     267.5261 
 5523000 0.0049686176 -0.0049718619    266.03252 
 5524000 0.0048541731 -0.0048967154     268.6099 
 5525000 0.0048228273 -0.0048704011    269.59501 
 5526000  0.004942327 -0.0049394028    267.09057 
 5527000 0.0049981302 -0.0050293099    274.06483 
 5528000 0.0049595958 -0.005002249    273.31408 
 5529000 0.0049022581 -0.004945488    264.28451 
 5530000 0.0050241416 -0.0050550073    265.90299 
 5531000 0.0050484037 -0.0050560425    264.99089 
 5532000 0.0049313962 -0.0049558513    273.15543 
 5533000 0.0049668991 -0.0049990704    269.79037 
 5534000 0.0049972508 -0.0050294424    260.20793 
 5535000 0.0049344437 -0.0049711961    267.47508 
 5536000 0.0050687335 -0.0050927678    263.63342 
 5537000 0.0051385602 -0.0051900854    266.80259 
 5538000 0.0048303873 -0.004893776    262.42749 
 5539000 0.0048163396 -0.0048109845    270.74587 
 5540000 0.0050547148 -0.0050968535    269.47039 
 5541000 0.0049737179 -0.0049642163    267.12876 
 5542000 0.0049279506 -0.0049505077    262.93876 
 5543000 0.0050366156 -0.0050404914    269.68893 
 5544000 0.0051598177 -0.0052055751    267.64702 
 5545000 0.0051341697 -0.0051721763     272.8228 
 5546000 0.0051903366 -0.0052113811       265.24 
 5547000  0.005235251 -0.0052837217    268.98266 
 5548000 0.0052062512 -0.0052518188    267.16427 
 5549000 0.0050977354 -0.0051272998    261.72661 
 5550000 0.0051926589 -0.0052214226    264.59498 
 5551000 0.0052102663 -0.0052432976    267.15175 
 5552000 0.0052169322 -0.0052204868    267.63055 
 5553000 0.0050959232 -0.0051233362    267.11043 
 5554000 0.0052013936 -0.0052184415    272.54439 
 5555000 0.0050029899 -0.0050345986    265.60066 
 5556000  0.005257775 -0.005250472    267.94327 
 5557000 0.0054005091 -0.0054328226    264.32898 
 5558000 0.0052447148 -0.0052461309    263.61153 
 5559000 0.0050458484 -0.0050523953    269.56636 
 5560000 0.0051577514 -0.0052143507    266.38544 
 5561000 0.0052296898 -0.0052539868    270.28773 
 5562000 0.0051360078 -0.0051316946    267.96466 
 5563000 0.0051794227 -0.0051984305    265.95259 
 5564000 0.0052037563 -0.0052010458    269.16719 
 5565000 0.0051417824 -0.0051653848     272.9535 
 5566000 0.0051356158 -0.0051391372    266.66118 
 5567000 0.0050532262 -0.0050732408    267.07367 
 5568000 0.0050276935 -0.0050352619    270.26024 
 5569000 0.0050873669 -0.0051157417    271.45794 
 5570000 0.0050599987 -0.0050856517    264.41915 
 5571000 0.0051160058 -0.0051537503    265.89686 
 5572000 0.0052344206 -0.0052712425    267.02792 
 5573000 0.0051006167 -0.0051341349    265.06091 
 5574000 0.0050928908 -0.0051071519    263.66101 
 5575000 0.0051596534 -0.0051894858    268.46604 
 5576000 0.0050802226 -0.0050725132    265.23413 
 5577000 0.0050880515 -0.0050866419     267.8707 
 5578000 0.0050437405 -0.0050343925    272.90815 
 5579000 0.0051473191 -0.0051973579    272.87371 
 5580000 0.0050995766 -0.005160314    271.56106 
 5581000 0.0051204099 -0.0051663986    263.48097 
 5582000 0.0049489066 -0.0049480749    269.29601 
 5583000 0.0049924478 -0.0050086281    267.88645 
 5584000 0.0050056892 -0.0050424056    264.53785 
 5585000 0.0049561761 -0.0049857631    267.63847 
 5586000 0.0049935172 -0.005023985    270.98632 
 5587000 0.0049810016 -0.0049897306    267.87004 
 5588000 0.0048358826 -0.0048403588    269.02854 
 5589000 0.0050685814 -0.0050779146    267.44858 
 5590000 0.0051238842 -0.0051293528    269.35457 
 5591000 0.0050186536 -0.0050090746    268.65611 
 5592000 0.0049040462 -0.0049286351    268.87201 
 5593000  0.004922621 -0.0049432841    271.92511 
 5594000 0.0051774047 -0.0052551459    266.22367 
 5595000 0.0050859021 -0.0050931267    270.15197 
 5596000 0.0051016745 -0.0051048817    264.88153 
 5597000 0.0049515324 -0.0049534326    263.42062 
 5598000   0.00489226 -0.0048881819    269.54782 
 5599000 0.0049511462 -0.004975521    268.44102 
 5600000 0.0049815006 -0.0050414274    268.75941 
 5601000 0.0049183396 -0.0049371139     265.9517 
 5602000 0.0050118134 -0.0050261474    267.58672 
 5603000 0.0048808233 -0.0049084745    267.49019 
 5604000 0.0049195893 -0.0049367824    262.43188 
 5605000 0.0049286986 -0.004964537    266.20975 
 5606000 0.0050553342 -0.0050758039    267.87483 
 5607000 0.0049661124 -0.0050061675    267.62445 
 5608000 0.0050811323 -0.0050826779    268.45401 
 5609000 0.0050113684 -0.0050247489    264.89799 
 5610000   0.00499219 -0.0050113295    263.85038 
 5611000 0.0050521609 -0.0051073702    268.31336 
 5612000  0.005104509 -0.005141216    268.87855 
 5613000  0.005086086 -0.0051206635    268.01338 
 5614000 0.0050011353 -0.0050573203    275.14984 
 5615000 0.0049843648 -0.0049986683    267.52192 
 5616000 0.0049685573 -0.0050067349    263.95134 
 5617000 0.0049179192 -0.0049318223    267.60745 
 5618000 0.0049744327 -0.0049732229    268.22052 
 5619000   0.00499116 -0.005021283    265.59417 
 5620000 0.0049202392 -0.0049411114    268.01264 
 5621000 0.0051152569 -0.0051493088    267.01689 
 5622000 0.0051515667 -0.0051935961    267.80606 
 5623000    0.0050912 -0.0051418507      267.519 
 5624000 0.0051808013 -0.0052123949    268.57778 
 5625000 0.0049507622 -0.0049991269    266.74917 
 5626000 0.0051319112 -0.0051786501    265.04236 
 5627000 0.0050867324 -0.0051295495    271.06613 
 5628000 0.0050463991 -0.005074825    265.97618 
 5629000 0.0051750938 -0.0052025125    266.18552 
 5630000 0.0051297273 -0.0051581514    270.94662 
 5631000 0.0050222865 -0.0050490365    265.90573 
 5632000 0.0049080723 -0.0049202968    265.29194 
 5633000 0.0051297492 -0.0051608246    264.54747 
 5634000 0.0048757212 -0.0048651546    268.55875 
 5635000 0.0050039275 -0.0050467538    264.74333 
 5636000 0.0048645117 -0.0048998976    266.94153 
 5637000  0.004967155 -0.0050095495    266.34481 
 5638000 0.0049135109 -0.0049450369    268.23788 
 5639000 0.0050240436 -0.0050712364    267.84939 
 5640000 0.0049180057 -0.0049464038    265.64286 
 5641000 0.0050064512 -0.0050416905    266.40978 
 5642000 0.0050189824 -0.0050345795    264.19143 
 5643000 0.0050230268 -0.0050281457    272.98249 
 5644000 0.0050096071 -0.0050298419    269.45877 
 5645000 0.0052158801 -0.0052233803    271.82806 
 5646000 0.0051133862 -0.0051131854    272.07767 
 5647000  0.005105791 -0.0051311708    265.41504 
 5648000 0.0050130192 -0.0050234141    268.95597 
 5649000 0.0050196619 -0.005026356    269.71535 
 5650000 0.0051087484 -0.0050795144    264.74942 
 5651000 0.0050564298 -0.0050484318    262.27649 
 5652000 0.0051668144 -0.0051726083    271.28344 
 5653000 0.0051247269 -0.0051538766    258.97622 
 5654000 0.0050605946 -0.0050749175     268.6981 
 5655000 0.0050008608 -0.0050152694     268.0768 
 5656000 0.0050361471 -0.0050723792    269.58845 
 5657000 0.0052159865 -0.0052365042    271.27301 
 5658000  0.005185216 -0.0052048926    267.02732 
 5659000 0.0051624178 -0.0051459028    269.72251 
 5660000 0.0051431052 -0.0051937497    267.57215 
 5661000 0.0050912885 -0.0051111411    264.85349 
 5662000 0.0053074309 -0.0053292181    266.85347 
 5663000 0.0052560503 -0.005269439    264.39716 
 5664000 0.0051219501 -0.0050908495    266.83134 
 5665000 0.0049816345 -0.0049937508    271.09582 
 5666000 0.0052476773 -0.0052636552    268.21484 
 5667000 0.0050145168 -0.005056728    271.45813 
 5668000 0.0050855472 -0.0051029004     266.5797 
 5669000  0.005098597 -0.0051603243    261.26941 
 5670000 0.0048694137 -0.0048803626    268.62527 
 5671000 0.0050529479 -0.005100479    271.49831 
 5672000   0.00515684 -0.0051806221    269.38157 
 5673000 0.0052784571 -0.0052890538    265.70395 
 5674000  0.005279781 -0.0053270807    274.96591 
 5675000 0.0052355413 -0.0052508179    270.02136 
 5676000 0.0053405226 -0.0053476904    264.48678 
 5677000 0.0053306438 -0.005370536     264.2361 
 5678000 0.0053191268 -0.0053218984      264.116 
 5679000 0.0051450006 -0.0051704318     267.3621 
 5680000 0.0050028538 -0.0050273733    268.24598 
 5681000 0.0051212894 -0.0051620056    267.49211 
 5682000  0.005156002 -0.0052111581    265.96389 
 5683000 0.0051708529 -0.0051894589    264.82509 
 5684000 0.0051772975 -0.0051745903    264.49085 
 5685000 0.0051430948 -0.0051450966    269.14479 
 5686000 0.0053210394 -0.0053582552    270.82333 
 5687000 0.0053269461 -0.0053247087    264.67157 
 5688000 0.0052462359 -0.0052601753    268.88083 
 5689000 0.0051258934 -0.0051608994    275.84388 
 5690000  0.004992955 -0.0050398694    263.68714 
 5691000  0.005129902 -0.0051201725    267.89794 
 5692000 0.0050718407 -0.005090136    267.08201 
 5693000 0.0050960651 -0.0051421786    264.81686 
 5694000 0.0051506231  -0.00518224    266.94421 
 5695000 0.0052399234 -0.0052425172    265.51736 
 5696000 0.0051711427 -0.0052137411    266.52166 
 5697000 0.0051504504 -0.0051507654    266.97687 
 5698000 0.0051194815 -0.0051295838    266.40146 
 5699000 0.0051139655 -0.0051249776    270.05279 
 5700000 0.0052113281 -0.0052230731    265.75071 
 5701000 0.0051913768 -0.0052095296    265.84767 
 5702000 0.0050765264 -0.0050700093    271.80814 
 5703000 0.0051271049  -0.00510953    264.15756 
 5704000 0.0049861431 -0.0049866197    270.42833 
 5705000 0.0050742964 -0.0051037293    267.75037 
 5706000 0.0050480829 -0.0050640831    271.52863 
 5707000 0.0050110218 -0.0050345383    264.29382 
 5708000 0.0050461166 -0.005071647    268.81744 
 5709000 0.0049052501 -0.0049456751    268.69541 
 5710000  0.004860956 -0.0048932916    266.52078 
 5711000 0.0049543792 -0.0049606411     270.4937 
 5712000  0.004933467 -0.0049861705     268.5642 
 5713000 0.0051325982 -0.0051595681    268.44877 
 5714000  0.005174926 -0.0051806911    264.06271 
 5715000 0.0050966866 -0.0050965709    269.55472 
 5716000 0.0051616203 -0.0051821379    267.04562 
 5717000 0.0049687659 -0.0050233442    269.44699 
 5718000 0.0052170107 -0.0052419792    267.16962 
 5719000 0.0051371666 -0.0051812402    265.91104 
 5720000 0.0050770926 -0.0051166962    269.80943 
 5721000 0.0049630226 -0.0049831506    266.10629 
 5722000 0.0050172559 -0.0050496284    271.92484 
 5723000 0.0052042264 -0.0052436984    272.45308 
 5724000 0.0051509517 -0.0051944146     266.3784 
 5725000 0.0050052028 -0.0050061813     272.4884 
 5726000 0.0050948549 -0.0051557447    270.66704 
 5727000 0.0050348706 -0.0050641596    262.84028 
 5728000 0.0051064289 -0.0051015491    271.78549 
 5729000 0.0052105428 -0.005252552    266.38781 
 5730000 0.0052710433 -0.0052977328    263.07793 
 5731000 0.0052571099 -0.0052786985    270.29029 
 5732000 0.0051688673 -0.0052100426     267.9064 
 5733000  0.005332633 -0.0053549118    267.09136 
 5734000 0.0052984881 -0.0053416734    265.45967 
 5735000 0.0052499729 -0.0053078857    266.22807 
 5736000 0.0052750458 -0.0052933825    262.64781 
 5737000 0.0053228559 -0.0053630404    270.73229 
 5738000 0.0052152726 -0.0052629619    265.09746 
 5739000 0.0053062392 -0.0053202225    265.72401 
 5740000 0.0052884045 -0.0053122356    269.84704 
 5741000 0.0052854149 -0.0053106155    271.38388 
 5742000 0.0051575255 -0.0051706306    266.71308 
 5743000 0.0052975305 -0.0052927034    268.61094 
 5744000 0.0052285563 -0.0052455418    264.80264 
 5745000 0.0052648271 -0.005274706    267.43417 
 5746000 0.0052713658 -0.0052958719    270.48042 
 5747000  0.005283297 -0.0053105567    265.52913 
 5748000 0.0052235873 -0.0052114547    268.75374 
 5749000  0.005221319 -0.0052198021    272.66874 
 5750000 0.0053118353 -0.0053109928    269.32179 
 5751000 0.0054241717 -0.0054575641    270.35225 
 5752000 0.0052515411 -0.0052705114    267.70782 
 5753000 0.0050787046 -0.005123188    267.93553 
 5754000  0.005159807 -0.0051859771    267.96633 
 5755000 0.0051092485 -0.0051426369    270.67648 
 5756000 0.0052772082 -0.0052970898    271.09803 
 5757000 0.0052483453 -0.0052389372    269.46032 
 5758000 0.0052049433 -0.0052393338    269.94572 
 5759000  0.005244741 -0.0052965874    268.95841 
 5760000 0.0050507234 -0.0051003793    270.33808 
 5761000 0.0049758816 -0.0050118045    266.45646 
 5762000 0.0051286519 -0.0051583793    263.51489 
 5763000 0.0049977079 -0.0049997844    267.28631 
 5764000 0.0050137882 -0.0049932367    277.19711 
 5765000 0.0050508111 -0.0050515287    265.37778 
 5766000   0.00500827 -0.0050209475     266.7735 
 5767000 0.0051680537 -0.0051749323     269.6818 
 5768000 0.0053091248 -0.0053903694    267.78012 
 5769000 0.0050960607 -0.005130884    266.72652 
 5770000 0.0053091107 -0.0053475779    272.83413 
 5771000 0.0053472708 -0.0053655181    268.68049 
 5772000 0.0055544321 -0.0055807773    269.09358 
 5773000 0.0053352429 -0.0053395982     258.9665 
 5774000  0.005349902 -0.005369051    271.32022 
 5775000 0.0053794925 -0.0054362309    267.60954 
 5776000 0.0054082632 -0.0054892424    267.25549 
 5777000 0.0053212729 -0.0053590231    263.38645 
 5778000 0.0052864269 -0.0053092083     267.0184 
 5779000 0.0052393072 -0.0052438126    264.91366 
 5780000 0.0052609182 -0.0052633522    270.43585 
 5781000 0.0051584727 -0.0051902033    268.93767 
 5782000 0.0052308535 -0.0052776205    272.97299 
 5783000 0.0052443334 -0.0052748658    267.12244 
 5784000 0.0051375174 -0.0051854545    266.94528 
 5785000 0.0051161173 -0.0051271898    266.55038 
 5786000 0.0051158036 -0.0051492864    264.91419 
 5787000  0.005135427 -0.0051263124    266.96882 
 5788000  0.005013373 -0.0050155389    268.88282 
 5789000 0.0051077641 -0.0051082381    269.48064 
 5790000 0.0052435194 -0.0052445514    270.13777 
 5791000 0.0050699253 -0.0050470155    267.28195 
 5792000 0.0051152666 -0.0051138969    273.08321 
 5793000 0.0049647344 -0.0050029533    270.24504 
 5794000  0.005039324 -0.0050494041    269.46408 
 5795000  0.005078337 -0.0050812566    269.14768 
 5796000 0.0051446537 -0.0051559939    270.66371 
 5797000 0.0053018636 -0.0053139524     266.6628 
 5798000 0.0050311599 -0.0050277141    266.40239 
 5799000 0.0052490235 -0.0052403938    274.20852 
 5800000  0.005015731 -0.0050190669    271.61974 
 5801000 0.0050027047 -0.0050152355     267.8889 
 5802000 0.0050160125 -0.0050046299    269.42919 
 5803000 0.0050466715 -0.005054841     274.6095 
 5804000 0.0049471374 -0.0049553227    267.40644 
 5805000 0.0048382307 -0.0048480741    267.77081 
 5806000 0.0050452932 -0.0050333266    269.51116 
 5807000 0.0050812876 -0.0050866778     268.3533 
 5808000  0.005241959 -0.0052565725    266.24435 
 5809000 0.0053462071 -0.0053828779    273.37632 
 5810000  0.005015473 -0.0050281745    264.16009 
 5811000 0.0050326256 -0.0050482832    266.55748 
 5812000 0.0051868609 -0.0052202314    266.21113 
 5813000  0.005065384 -0.0050557751    269.26663 
 5814000  0.005123687 -0.0051302015    269.15226 
 5815000 0.0051147748 -0.0051646766    266.25919 
 5816000 0.0052542772 -0.0052881785    265.94288 
 5817000 0.0050183679 -0.0050614387    268.78262 
 5818000 0.0050829083 -0.0051291611    270.18744 
 5819000 0.0051463345 -0.005155962    272.72209 
 5820000 0.0051386546 -0.005191292    264.00621 
 5821000 0.0049712753 -0.0050484452    267.56297 
 5822000 0.0049345064 -0.0049742616    264.16324 
 5823000 0.0049520465 -0.0049849165    271.30149 
 5824000 0.0049832832 -0.0049771215    271.44234 
 5825000 0.0051929896 -0.005238848    269.71166 
 5826000 0.0051575885 -0.0052045149     271.3601 
 5827000  0.005106083 -0.0051448614    268.32496 
 5828000 0.0051490711 -0.0051676998    269.15348 
 5829000 0.0051633932 -0.0051861837    267.92258 
 5830000 0.0053126587 -0.0053386837    269.78861 
 5831000 0.0053096583 -0.0053044831    267.77749 
 5832000 0.0051933397 -0.0052159615    269.89805 
 5833000 0.0052110004 -0.0052109711    266.15638 
 5834000 0.0051114127 -0.0051485214    270.02936 
 5835000 0.0051986103 -0.0052408855    268.03474 
 5836000 0.0048497817 -0.0048608802    266.47126 
 5837000 0.0049927826 -0.0050342966    273.65852 
 5838000 0.0049865413 -0.0050098643    264.39369 
 5839000 0.0049431938 -0.0049774031    262.10539 
 5840000 0.0049745905 -0.0050072517    268.15115 
 5841000 0.0049996833 -0.0050391251     275.6731 
 5842000 0.0049475262 -0.0049687566    270.69569 
 5843000 0.0048556745 -0.0049117967     266.2258 
 5844000 0.0049202403 -0.0049304406    265.59599 
 5845000 0.0048489527 -0.0048777818    265.22108 
 5846000 0.0050740855 -0.0051198201    269.06971 
 5847000 0.0048916058 -0.0049458975    272.39996 
 5848000 0.0048429867 -0.0048932338    267.40125 
 5849000 0.0048274501 -0.0048531083    274.60921 
 5850000 0.0049321511 -0.0049523444    271.72472 
 5851000 0.0048041292 -0.0048466806    270.57946 
 5852000 0.0047778441 -0.0048269083    269.98664 
 5853000 0.0048352409 -0.0048719176    265.13891 
 5854000 0.0048401773 -0.0049333963    263.75679 
 5855000  0.004669858 -0.0047338086    269.72627 
 5856000 0.0047783688 -0.0048290678    267.38276 
 5857000 0.0047561269 -0.0048360561    264.08621 
 5858000 0.0048553508 -0.0048870763    264.93617 
 5859000  0.004805016 -0.0048525671    267.81825 
 5860000 0.0047203597 -0.0047887299    272.54828 
 5861000  0.004716618 -0.0047568197    265.77739 
 5862000 0.0048554633 -0.0048771276    265.62233 
 5863000 0.0047720186 -0.0048345707    265.45415 
 5864000 0.0047322275 -0.0047703917    271.63813 
 5865000 0.0047377054 -0.0047674247    264.86455 
 5866000 0.0047629943 -0.0048087968    271.72051 
 5867000 0.0049726712 -0.005006439    268.38248 
 5868000 0.0048730365 -0.0048696549     268.7897 
 5869000 0.0050219816 -0.005056733    267.88546 
 5870000 0.0049256746 -0.0049755175    268.68445 
 5871000 0.0050487012 -0.005089126    265.73617 
 5872000 0.0050665854 -0.0051051726    266.26847 
 5873000 0.0050400587 -0.0050399022    268.16467 
 5874000 0.0050052983 -0.0050387569    266.81513 
 5875000 0.0050522521 -0.0050820575    268.67931 
 5876000 0.0050240492 -0.0050422708    268.74639 
 5877000 0.0052027285 -0.0052474542    269.09054 
 5878000 0.0048081009 -0.0048261467     268.1362 
 5879000 0.0049347457 -0.0049577547    267.31736 
 5880000 0.0049905672 -0.005001585    271.50363 
 5881000  0.004893589 -0.0049214387    266.38543 
 5882000 0.0050139669 -0.0050429778    268.10193 
 5883000 0.0049902543 -0.0050329089    268.54338 
 5884000  0.004976862 -0.0050112785    267.96292 
 5885000 0.0050084398 -0.0050488197    264.62581 
 5886000 0.0049564795 -0.0050168948    268.26502 
 5887000 0.0049362325 -0.0049552587    267.40023 
 5888000  0.004826094 -0.0048582618    271.20088 
 5889000 0.0049628971 -0.0049877149    263.81636 
 5890000 0.0050846196 -0.005133685    262.59711 
 5891000  0.005062471 -0.0050873679    264.80792 
 5892000 0.0051329612 -0.0051878721    270.11388 
 5893000 0.0051960128 -0.0052204323    267.79984 
 5894000 0.0051490568 -0.0052144976    269.59379 
 5895000 0.0051077762 -0.0051555726    265.62221 
 5896000  0.004928726 -0.0049531245    269.88974 
 5897000 0.0049300877 -0.0049635473    268.63967 
 5898000 0.0050840031 -0.0051496591    265.31509 
 5899000 0.0051094204 -0.0051588056     267.9239 
 5900000 0.0050515806 -0.0050706167    271.65381 
 5901000  0.005051662 -0.0050783743    265.66321 
 5902000 0.0051550154 -0.005178956    267.54459 
 5903000 0.0051324611 -0.0051553934    275.54314 
 5904000 0.0052242538 -0.0052688674    263.74711 
 5905000 0.0051624157 -0.0051790772    270.34954 
 5906000 0.0052284844 -0.0051968403    267.49214 
 5907000 0.0051606122 -0.005157978    265.77546 
 5908000 0.0050725722 -0.0050691195    265.58328 
 5909000 0.0051022207 -0.0051185335     265.0551 
 5910000 0.0052204819 -0.0052512663    265.59074 
 5911000  0.005255806 -0.0053017772    269.63934 
 5912000 0.0051756482 -0.005178766    267.73038 
 5913000  0.005165126 -0.0051794919    265.46381 
 5914000  0.005214415 -0.0052433485    271.88899 
 5915000 0.0051901315 -0.0052470574    264.33414 
 5916000  0.005222872 -0.0052450215    266.21605 
 5917000 0.0052544891 -0.0053224534    267.27134 
 5918000 0.0052690232 -0.0053241201    268.45495 
 5919000 0.0052815398 -0.0053123409    271.07599 
 5920000 0.0053949843 -0.0054318537    270.49722 
 5921000 0.0053462732 -0.0053857204    267.50484 
 5922000 0.0053196419 -0.0053519564    262.79228 
 5923000 0.0052042141 -0.0052417938    272.00211 
 5924000 0.0053491759  -0.00534457    270.37536 
 5925000 0.0052359981 -0.0052576126    263.50327 
 5926000 0.0052606789 -0.0052924218    264.24002 
 5927000 0.0051141336 -0.0051105247    269.88838 
 5928000 0.0050969075 -0.0051168681    266.61145 
 5929000 0.0051622858 -0.0051663465    270.08726 
 5930000 0.0051985461 -0.0051737901    267.07681 
 5931000 0.0052269784 -0.0052203704    265.87658 
 5932000 0.0051933834 -0.0051885362    269.78863 
 5933000 0.0052182013 -0.0052011197    264.25007 
 5934000 0.0051803437 -0.0051899784    274.96756 
 5935000 0.0052064818 -0.0052217916    265.13909 
 5936000 0.0052870526 -0.0053087207    267.06875 
 5937000 0.0051564171 -0.0051833763    272.35833 
 5938000 0.0050679513 -0.0050913145    265.45439 
 5939000 0.0050843285 -0.0050831521    270.91744 
 5940000  0.004956576 -0.0050064953     262.1821 
 5941000 0.0049816842 -0.004998644    268.73206 
 5942000 0.0051251732 -0.0051217734    266.21558 
 5943000 0.0050920486 -0.0051103605    267.99506 
 5944000 0.0050347796 -0.0050680245    263.92644 
 5945000 0.0051013178 -0.0051235753    270.63929 
 5946000 0.0052188729 -0.0052442601    267.47091 
 5947000 0.0053331173 -0.0053277983    270.02891 
 5948000 0.0053685438 -0.0053648405    264.66443 
 5949000 0.0052071388 -0.0052415598    269.16331 
 5950000 0.0052111121 -0.005222098    266.64075 
 5951000  0.005251973 -0.0052616357    269.19147 
 5952000 0.0054099166 -0.0054471291    268.01868 
 5953000  0.005115074 -0.0051128181    266.55365 
 5954000 0.0050888141 -0.0050811696    268.82162 
 5955000 0.0050761262 -0.005087099    270.56005 
 5956000 0.0052688923 -0.005283871     275.2682 
 5957000 0.0051309177 -0.0051928726    267.00406 
 5958000 0.0050513678 -0.0050976919      269.734 
 5959000 0.0051079344 -0.0051392763    266.78727 
 5960000 0.0051406322 -0.0051592969     265.8356 
 5961000 0.0049302424 -0.0049658121    270.68075 
 5962000 0.0051506228 -0.0051892468    263.64916 
 5963000 0.0052146743 -0.0052281196     268.0741 
 5964000 0.0050983106 -0.0050891437     267.6206 
 5965000 0.0052282553 -0.0052612059    270.94247 
 5966000 0.0049947722 -0.0049963659    269.52606 
 5967000 0.0048536482 -0.0048739456     266.0026 
 5968000 0.0049275572 -0.0049376521     265.7064 
 5969000 0.0050529962 -0.0050557992    261.99049 
 5970000 0.0052268663 -0.0052284146    267.58667 
 5971000 0.0052204591 -0.0052473064    269.34728 
 5972000 0.0049994971 -0.0050020628    265.66381 
 5973000 0.0049730011 -0.0049677276    267.89025 
 5974000 0.0048368926 -0.0048491604    265.20431 
 5975000 0.0051039989 -0.0051401528    266.97264 
 5976000 0.0051235908 -0.0051598989    271.31453 
 5977000 0.0050192138 -0.0050439447    267.20117 
 5978000 0.0050596002 -0.0050939121    266.18305 
 5979000 0.0052180085 -0.0052274742    267.87661 
 5980000 0.0051121002 -0.005101594     270.5945 
 5981000 0.0050367779 -0.0050705827    270.29634 
 5982000  0.005012971 -0.0050262046    262.86095 
 5983000 0.0051292726 -0.0051419575    264.82306 
 5984000 0.0050664629 -0.0050754213    265.91029 
 5985000 0.0051278217 -0.0051031279    266.34515 
 5986000  0.005006557 -0.0050366934    267.65392 
 5987000 0.0050789411 -0.0051104385    271.76656 
 5988000 0.0051147003 -0.0051234769     264.6376 
 5989000 0.0051057678 -0.005115042    270.08338 
 5990000 0.0050038415 -0.0049910477    263.49333 
 5991000 0.0051198823 -0.0050795628    267.64509 
 5992000 0.0052680841 -0.0052662419    266.87506 
 5993000 0.0050282825 -0.0050582899    264.16722 
 5994000 0.0051405233 -0.0051684312    268.60801 
 5995000  0.005078721 -0.0050943606    267.80039 
 5996000 0.0051710909 -0.0051937384    264.91456 
 5997000 0.0051193665 -0.005178473    270.32703 
 5998000 0.0050626413 -0.0050552428    267.09579 
 5999000 0.0050714603 -0.0050971681    272.34646 
 6000000 0.0051618288 -0.0051559259    266.02302 
 6001000  0.005004717 -0.0050082156    271.26999 
 6002000 0.0050923472 -0.0051023085    271.97666 
 6003000 0.0050256305 -0.0050472884    268.94213 
 6004000 0.0050128873 -0.0050144081    275.06147 
 6005000 0.0049367961 -0.0049045814    269.66121 
 6006000 0.0049971348 -0.0050090871    266.15698 
 6007000 0.0051236383 -0.0051184543    265.50632 
 6008000 0.0049760614 -0.0049640393    265.35492 
 6009000 0.0049013368 -0.0048855026    272.04052 
 6010000 0.0049671233 -0.0049555408    271.74247 
 6011000 0.0048826843 -0.0048998738    265.97037 
 6012000 0.0048921821 -0.004929235    270.20785 
 6013000 0.0049788234 -0.0049815833    267.15727 
 6014000 0.0048714501 -0.0048742241    267.08556 
 6015000 0.0050387617 -0.0050168388    266.37374 
 6016000 0.0050656991 -0.0050424093    269.97144 
 6017000 0.0049121151 -0.0049221372    262.84677 
 6018000 0.0050479823 -0.0050403731    269.59732 
 6019000 0.0049977059 -0.0049948161    269.68532 
 6020000 0.0050220073 -0.0050462242    269.62249 
 6021000 0.0051889897 -0.0051969063    276.07435 
 6022000 0.0050918333 -0.0050896393    267.57909 
 6023000 0.0052040991 -0.0052059267    265.70547 
 6024000 0.0052914825 -0.0052900607    267.82842 
 6025000 0.0052075574 -0.0052316407    263.93324 
 6026000 0.0051131011 -0.0051410886    265.82198 
 6027000 0.0049608574 -0.0049835919    269.28715 
 6028000 0.0050360607 -0.0050516104    265.27256 
 6029000 0.0051102629 -0.0050947317     265.4079 
 6030000 0.0052542528 -0.0052802784    271.37477 
 6031000 0.0050218722 -0.004983388    266.96871 
 6032000 0.0050027323 -0.005027398    270.57842 
 6033000 0.0050868982 -0.0051115478    267.52312 
 6034000 0.0049611932 -0.0049776462    262.06009 
 6035000   0.00506797 -0.005114254    270.17817 
 6036000 0.0051172586 -0.0051212763    265.66512 
 6037000 0.0052106338 -0.0052231695    267.97871 
 6038000 0.0053036385 -0.0052925975    265.33582 
 6039000 0.0052168598 -0.0052288757    266.66998 
 6040000 0.0051955809 -0.0052185234    269.49633 
 6041000 0.0051926911 -0.0051849785    264.59034 
 6042000 0.0052392097 -0.0052377992    275.63704 
 6043000 0.0051724945 -0.005195349     264.8753 
 6044000 0.0052154176 -0.005238899    267.66334 
 6045000 0.0053083009 -0.0053355878     269.2375 
 6046000 0.0051461107 -0.0051861759    265.80014 
 6047000 0.0051726884 -0.0051688225    262.77104 
 6048000 0.0051285551 -0.0051253101    263.93119 
 6049000 0.0052079995 -0.0052132977    270.16979 
 6050000 0.0051531665 -0.0051813444    271.03833 
 6051000  0.005286959 -0.0053243049    263.73133 
 6052000 0.0053136746 -0.0053210749    262.57476 
 6053000 0.0053570231 -0.0053856316    262.81116 
 6054000 0.0052977986 -0.0052998994    265.47385 
 6055000 0.0053997496 -0.0054332642    270.11628 
 6056000 0.0054022009 -0.0054091247    269.20135 
 6057000 0.0054385128 -0.0054861515    265.97056 
 6058000 0.0052746697 -0.0052851884    265.51699 
 6059000 0.0052504475 -0.0052715128    266.89445 
 6060000 0.0051971907 -0.0051929291    268.04207 
 6061000 0.0051220368 -0.0051822244    269.27513 
 6062000  0.005432727 -0.0054666032    268.63005 
 6063000 0.0052862208 -0.0053420598    266.19099 
 6064000 0.0052964085 -0.0053316379    268.24728 
 6065000 0.0053219714 -0.0053552253    264.84315 
 6066000 0.0052354477 -0.0052775573    265.03749 
 6067000 0.0053167961 -0.0053382922    267.20857 
 6068000 0.0054004589 -0.0054158406    263.67705 
 6069000 0.0054771204 -0.005491973    270.11227 
 6070000 0.0054795729 -0.0054945059    266.91053 
 6071000 0.0053431215 -0.005346299     267.0771 
 6072000  0.005110621 -0.0051058494    267.00367 
 6073000 0.0051616802 -0.005163727    264.83538 
 6074000   0.00527007 -0.0052796864    267.70001 
 6075000 0.0050718922 -0.0051004509    268.25933 
 6076000 0.0052484276 -0.0052873546    265.99705 
 6077000 0.0052612903 -0.0052830191    269.76899 
 6078000 0.0052278169 -0.0052668842    265.85698 
 6079000 0.0051528375 -0.0051521877    267.41229 
 6080000  0.005249941 -0.0052302786    273.44832 
 6081000 0.0052214904 -0.0052469684    264.85591 
 6082000 0.0050108845 -0.005038718    269.41844 
 6083000 0.0052969591 -0.0053448946    268.77443 
 6084000  0.005064807 -0.0050954653    264.30816 
 6085000 0.0051630117 -0.0051795039    265.63704 
 6086000 0.0050857251 -0.0051112221    275.82409 
 6087000 0.0049556709 -0.0050041428    269.65261 
 6088000 0.0050581542 -0.0050647754    268.10135 
 6089000 0.0051423129 -0.0051656853    267.00245 
 6090000 0.0050040171 -0.0050301185    268.27404 
 6091000 0.0049118499 -0.0049587782    268.73826 
 6092000 0.0050022253 -0.0050432834    263.72344 
 6093000 0.0048882376 -0.0049184136    264.85779 
 6094000 0.0049834968 -0.0050091887    267.66094 
 6095000 0.0050601132  -0.00505393    271.39965 
 6096000 0.0048447182 -0.0048205608    264.28768 
 6097000 0.0047808384 -0.0048024499    270.38919 
 6098000 0.0048896334 -0.0048735838    272.51909 
 6099000  0.004984923 -0.0049674375    263.18723 
 6100000 0.0047321294 -0.0047196109    266.70287 
 6101000 0.0048198235 -0.0048397946    266.98531 
 6102000 0.0049743635 -0.004991013    272.95814 
 6103000 0.0049403241 -0.0049491951    264.21724 
 6104000 0.0051049929 -0.0050991137    266.18817 
 6105000 0.0050670736 -0.0050540751    267.55434 
 6106000  0.005105928 -0.0051104836    262.50448 
 6107000 0.0050787074 -0.0050734804    267.53868 
 6108000 0.0052426727 -0.0052529843    264.76005 
 6109000 0.0051124798 -0.0051150367    267.04012 
 6110000 0.0052116808 -0.0052039823    269.64712 
 6111000 0.0051197734 -0.0051311453    272.41971 
 6112000 0.0050794336 -0.0051064048     270.8448 
 6113000 0.0050723173 -0.0050728198    271.03169 
 6114000 0.0050856608 -0.0051144902    268.17282 
 6115000 0.0051001023 -0.0051132226    266.10902 
 6116000 0.0053303254 -0.0053740991    268.05564 
 6117000 0.0053634391 -0.0053707952    268.22474 
 6118000 0.0052672557 -0.0052714626    265.15598 
 6119000 0.0053017871 -0.0052946714    264.73812 
 6120000 0.0051710109 -0.0051456759      267.691 
 6121000 0.0050247806 -0.0050222165    264.51274 
 6122000 0.0050955947 -0.0051179959    266.17934 
 6123000 0.0051461096 -0.0051611488    268.10596 
 6124000 0.0053860116 -0.0054053551    264.94864 
 6125000  0.005411831 -0.0053729022    261.95588 
 6126000 0.0052531698 -0.0052627685    270.76123 
 6127000 0.0054150729 -0.0054388883    264.70452 
 6128000 0.0054691795 -0.0054500106    267.62103 
 6129000  0.005280041 -0.0052589574    272.75786 
 6130000 0.0053592237 -0.0053566434    264.88385 
 6131000 0.0054746858 -0.0054999125    264.12069 
 6132000 0.0054098889 -0.005440465    269.13195 
 6133000 0.0054233923 -0.005445567    262.54138 
 6134000 0.0052903679 -0.0052779764    264.77179 
 6135000 0.0052574372 -0.0052500705    270.13875 
 6136000 0.0054077652 -0.0054263586    267.05545 
 6137000 0.0054254981 -0.0054277732    265.01662 
 6138000 0.0054042282 -0.0054244033    272.36858 
 6139000 0.0054973702 -0.0055171583    273.36711 
 6140000 0.0053360142 -0.0053098193    270.41097 
 6141000 0.0053720651 -0.0054054875     274.8608 
 6142000 0.0055198574 -0.0055229263    266.28746 
 6143000  0.005550053 -0.0055473801    265.30113 
 6144000 0.0055048079 -0.0055028356    266.20929 
 6145000 0.0054831503 -0.0054939146    269.93577 
 6146000 0.0055001997 -0.0055152721    269.04516 
 6147000 0.0055306443 -0.0055324429    266.48348 
 6148000 0.0053992334 -0.0054088509    266.51931 
 6149000 0.0054903289 -0.0055147146    266.87798 
 6150000 0.0053703586 -0.0053521628    266.47052 
 6151000 0.0053349163 -0.0053397269    268.85684 
 6152000 0.0052390296 -0.005244214    264.85026 
 6153000 0.0053393338 -0.0053371385    270.12802 
 6154000 0.0052880812 -0.0052838094    264.86215 
 6155000 0.0054364207 -0.0054485558    264.46194 
 6156000 0.0053220048 -0.0053683741    268.64277 
 6157000 0.0053310526 -0.0053187954     270.4591 
 6158000 0.0053462202 -0.0054123027    266.30021 
 6159000 0.0051236587 -0.0051524041    267.34542 
 6160000 0.0052899326 -0.0052883604    267.56155 
 6161000 0.0053817452 -0.0054339619    265.74534 
 6162000 0.0052642268 -0.0053066776    265.60812 
 6163000 0.0052917707 -0.0053145911     270.0389 
 6164000  0.005449584 -0.0054679022    267.44894 
 6165000 0.0052360038 -0.0052462013     270.3807 
 6166000 0.0054072041 -0.0054169075    265.84415 
 6167000 0.0052805757 -0.0052987292    269.08037 
 6168000 0.0055166993 -0.0055539763    270.91563 
 6169000 0.0055831602 -0.0055935944     265.3881 
 6170000 0.0054815881 -0.005488535    269.05532 
 6171000 0.0055681733 -0.0055526631    264.63119 
 6172000 0.0054561953 -0.0054837912    269.41401 
 6173000 0.0055154919 -0.0055334759    267.36487 
 6174000 0.0055501659   -0.0055699     269.2443 
 6175000  0.005485004 -0.005504604    268.52975 
 6176000 0.0054499238 -0.0055178606     261.4301 
 6177000  0.005599956 -0.0056280367     268.8437 
 6178000 0.0055211105 -0.005537265    262.87628 
 6179000 0.0055670825 -0.0056243324    266.05644 
 6180000 0.0056060512 -0.0056287911    270.53542 
 6181000 0.0056763643 -0.0056682874    267.82669 
 6182000 0.0056782322 -0.005728375     265.4095 
 6183000  0.005484823 -0.0054648267    264.98865 
 6184000 0.0056019607 -0.0055871907    270.01747 
 6185000 0.0054496035 -0.005456479    265.58876 
 6186000 0.0053406721 -0.0053299114     265.7236 
 6187000  0.005512318 -0.0055115131    269.63649 
 6188000  0.005501478 -0.0055246234    267.01674 
 6189000 0.0055215963 -0.0055631017    270.98913 
 6190000 0.0055950635 -0.0056099298    269.32389 
 6191000 0.0056244875 -0.0056362151    263.35676 
 6192000 0.0055014323 -0.0055170192    266.58493 
 6193000 0.0054214255 -0.0054581114    267.73013 
 6194000 0.0054098704 -0.0054193226    266.44519 
 6195000 0.0055619022 -0.0056070419    270.73187 
 6196000 0.0055320838 -0.0055727558    262.85584 
 6197000 0.0055843871 -0.0055907928    269.86687 
 6198000 0.0054934404 -0.0054795045    277.19594 
 6199000 0.0056939327 -0.0057127815    270.41818 
 6200000 0.0057726087 -0.0058162219     265.1268 
 6201000 0.0056783562 -0.0056889258    265.00875 
 6202000 0.0059072865 -0.0059227818    266.96997 
 6203000 0.0056121499 -0.0055729297    272.13773 
 6204000  0.005674911 -0.0056757788    271.00336 
 6205000 0.0056417062 -0.0056460599    264.92414 
 6206000 0.0057766524 -0.0057920808    267.12331 
 6207000  0.005677364 -0.0056626436    260.83492 
 6208000 0.0055072647 -0.0055237098    269.27439 
 6209000 0.0056967315 -0.0056968193     265.3615 
 6210000 0.0055150775 -0.0054565117    261.64701 
 6211000 0.0056285031 -0.0056196641    267.43034 
 6212000 0.0056249292 -0.0056262956    273.18498 
 6213000 0.0055776641 -0.0055659879     270.2205 
 6214000 0.0053840195 -0.0053707666    268.17181 
 6215000 0.0052527534 -0.0052424625    264.55267 
 6216000 0.0054218471 -0.0054122649    266.31175 
 6217000  0.005475312 -0.0054406355    268.28602 
 6218000 0.0053225563 -0.0053327266    267.24465 
 6219000 0.0055128784 -0.0055334775    265.88727 
 6220000 0.0056209567 -0.0056248482    266.45636 
 6221000 0.0055098585 -0.0055097883    270.41452 
 6222000 0.0055152012 -0.0055108466    267.13466 
 6223000 0.0054259298 -0.0054432465    268.38959 
 6224000 0.0052469153 -0.0052491112    269.30425 
 6225000 0.0053736949 -0.0053491721    268.39785 
 6226000 0.0055008739 -0.0055050008    264.78703 
 6227000 0.0054268186 -0.005430801     267.3817 
 6228000 0.0054769992 -0.0054933023    269.31409 
 6229000 0.0052738738 -0.0053226426    270.14232 
 6230000 0.0053388164 -0.0053457377    268.05653 
 6231000 0.0053564514 -0.0053405488    268.21142 
 6232000 0.0053482081 -0.0053762517     266.8213 
 6233000 0.0054029926 -0.0054030216    263.95656 
 6234000 0.0053498609 -0.0053798099    266.73208 
 6235000 0.0053882323 -0.0053793207    265.19083 
 6236000 0.0054447222 -0.0054362105    263.04738 
 6237000 0.0053665997 -0.0053591572    266.07266 
 6238000 0.0054228783 -0.0054004057    271.57155 
 6239000 0.0053518467 -0.0053401513     266.8844 
 6240000 0.0052380864 -0.005252351    266.74607 
 6241000 0.0055303233 -0.0055121244    268.33711 
 6242000 0.0054820612 -0.0054942233    264.29717 
 6243000 0.0053109858 -0.0053127013    273.88614 
 6244000 0.0052771578 -0.0052521283    270.39569 
 6245000 0.0054262583 -0.005431859    271.83989 
 6246000 0.0055293297 -0.0055135521    266.98886 
 6247000 0.0053974751 -0.0053852019    264.57553 
 6248000 0.0055355286 -0.0055422335    265.13457 
 6249000 0.0055480611 -0.0055655599    265.99317 
 6250000 0.0055394217 -0.0055540976    265.30286 
 6251000   0.00553595 -0.0055984666    271.12524 
 6252000 0.0054602186 -0.0054786629    265.77668 
 6253000 0.0054520453 -0.0055131851    273.78186 
 6254000  0.005293514 -0.0053215316    271.91697 
 6255000 0.0053091807 -0.0053408513    261.05317 
 6256000 0.0052586443 -0.0052924309    264.43968 
 6257000 0.0054837125 -0.0055345376    266.68795 
 6258000 0.0052580345 -0.0052758034      267.286 
 6259000 0.0055312426 -0.0055896522    266.81364 
 6260000  0.005418116 -0.0054570143    267.51912 
 6261000 0.0054398423 -0.0054610493    263.72741 
 6262000 0.0052608756 -0.005271715    265.92612 
 6263000 0.0053078787 -0.0053317111    269.13663 
 6264000 0.0053572497 -0.0053636776    267.25315 
 6265000 0.0052380884 -0.0052367428     266.0255 
 6266000 0.0053903011 -0.0054331431    273.51074 
 6267000 0.0053723139 -0.0053786919    264.97293 
 6268000 0.0051157174 -0.0051720107     269.2277 
 6269000 0.0052165554 -0.005257574    267.94023 
 6270000 0.0052185481 -0.0052478349    267.74356 
 6271000 0.0051982005 -0.0052485845    268.45177 
 6272000 0.0052807616 -0.0053276782    264.18102 
 6273000 0.0054455525 -0.0054855577    267.96396 
 6274000 0.0054368934 -0.0054548826    270.69456 
 6275000 0.0053934341 -0.0054196382    270.42482 
 6276000 0.0052831133 -0.0052936627    267.40305 
 6277000 0.0051773192 -0.0051902659    267.58516 
 6278000 0.0053454295 -0.0053693697    266.65117 
 6279000 0.0053284214 -0.0053370926     265.8637 
 6280000 0.0053444711 -0.005389542    266.52075 
 6281000 0.0052772875 -0.0053032393    263.94641 
 6282000  0.005499143 -0.005540819    268.40565 
 6283000 0.0053027044 -0.0053402052    270.52859 
 6284000 0.0053231075 -0.0053701759    270.69786 
 6285000 0.0052433348 -0.0052579693    268.74653 
 6286000 0.0052802324 -0.005299441    262.01276 
 6287000  0.005106471 -0.0051434972    267.83347 
 6288000 0.0052160411 -0.0052453394    268.47862 
 6289000 0.0052305567 -0.0052722602    264.70273 
 6290000  0.005090282 -0.0051140262    271.09609 
 6291000 0.0053275288 -0.0053517352    268.63568 
 6292000 0.0053322028 -0.0053512641    271.38422 
 6293000   0.00535822 -0.0054003525    274.10106 
 6294000 0.0054740179 -0.0055126706    266.23882 
 6295000 0.0054006408 -0.0054176682    271.55901 
 6296000 0.0052345282 -0.0052528557    268.45463 
 6297000 0.0052532618 -0.0052840182     260.2097 
 6298000 0.0053643579 -0.0053769304    264.79863 
 6299000 0.0054191259 -0.0054166245    268.64674 
 6300000   0.00532118 -0.0053380353    272.52178 
 6301000 0.0054276626 -0.0054377669    263.76628 
 6302000 0.0053847625 -0.0053798272    261.90268 
 6303000 0.0053004079 -0.0052982193    268.61717 
 6304000 0.0053296105 -0.0053597951    268.87563 
 6305000   0.00536819 -0.005411542    269.31953 
 6306000 0.0053274847 -0.0053266335     269.9151 
 6307000  0.005551331 -0.0055652287    268.23924 
 6308000 0.0055059075 -0.0055347693    269.77013 
 6309000 0.0054115412 -0.0054231857    270.31145 
 6310000 0.0054582751 -0.0054653192    266.40214 
 6311000 0.0054781735 -0.0055040112    262.37984 
 6312000 0.0054650199 -0.0054831751     266.5782 
 6313000 0.0054554128 -0.0054610089    268.69855 
 6314000 0.0054664196 -0.0054700235    267.34335 
 6315000 0.0053267323 -0.0053310618    264.80157 
 6316000 0.0054555127 -0.0054386359    266.69229 
 6317000 0.0055464599 -0.0055415575    269.51187 
 6318000 0.0054398687 -0.0054451431    264.07997 
 6319000 0.0053276905 -0.0053283297    270.04109 
 6320000 0.0055380088 -0.0055190827    265.09237 
 6321000  0.005478491 -0.0054934827    268.10313 
 6322000 0.0054921683 -0.0054954436    261.09312 
 6323000 0.0054444539 -0.0054507672      267.483 
 6324000 0.0055537728 -0.0055582284    269.44071 
 6325000 0.0055619669 -0.005563408     270.0491 
 6326000 0.0054491021 -0.0054369253    263.11891 
 6327000 0.0055384687 -0.0055482835    273.07555 
 6328000 0.0054528754 -0.0054516412    271.94686 
 6329000 0.0053596235 -0.0053480406    270.07213 
 6330000 0.0053180972 -0.0053459955    268.22768 
 6331000 0.0052823669 -0.0053067259    262.67605 
 6332000  0.005253193 -0.0052848443    269.51563 
 6333000 0.0053258418 -0.0053585365    263.02803 
 6334000 0.0052835295 -0.0053003392    266.30912 
 6335000 0.0054575009 -0.005481242    269.04818 
 6336000 0.0054052186 -0.0053811642    269.27868 
 6337000 0.0052545611 -0.0052805186    269.70557 
 6338000 0.0052286112 -0.0052625905    264.01328 
 6339000 0.0052019887 -0.0051963026    270.06023 
 6340000 0.0054258077 -0.0054681089    268.34468 
 6341000 0.0052240279 -0.0052592788    265.74937 
 6342000 0.0054552893 -0.0055055375    265.17696 
 6343000 0.0054709871 -0.0055151997    265.05548 
 6344000 0.0054516753 -0.0055028689    266.42273 
 6345000 0.0053023817 -0.0053177935    267.95567 
 6346000 0.0053083547 -0.0053692828    272.24595 
 6347000 0.0054484033 -0.0055027733    273.80373 
 6348000 0.0056020232 -0.0056342926    269.92114 
 6349000 0.0055200571 -0.005570298    271.43368 
 6350000 0.0055706781 -0.0055907889      270.338 
 6351000 0.0054697111 -0.0055088881    268.01185 
 6352000 0.0054599548 -0.0055211523    267.15195 
 6353000 0.0055475764 -0.0055798736    266.08685 
 6354000 0.0053659504 -0.0053922444    263.76003 
 6355000 0.0054870367 -0.0055012509    265.29785 
 6356000 0.0054474696 -0.0054729483    268.46111 
 6357000 0.0054968406 -0.0055126981     266.4592 
 6358000 0.0054752418 -0.0055182757    264.73868 
 6359000  0.005353223 -0.0053962243    270.23341 
 6360000 0.0055123203 -0.0055155433    267.66202 
 6361000 0.0053996074 -0.0054335009     270.7754 
 6362000 0.0054238021 -0.0054711349    267.07213 
 6363000 0.0055462652 -0.0055596635    268.89367 
 6364000 0.0054283514 -0.0054620427    266.27124 
 6365000 0.0053691662 -0.0053986118    270.55251 
 6366000 0.0053986103 -0.0054343307    268.94977 
 6367000   0.00532266 -0.0053618794    271.07796 
 6368000 0.0053015001 -0.0053510763    267.26115 
 6369000 0.0053503191 -0.0053610526    270.13035 
 6370000 0.0053343605 -0.0053743627    266.05738 
 6371000 0.0052737713 -0.0052993475    266.88563 
 6372000 0.0054006826 -0.0054305375    269.13363 
 6373000 0.0052025573 -0.0051895035    265.20892 
 6374000 0.0052566028 -0.0052781697     267.7741 
 6375000 0.0052740659 -0.0052723732    269.09377 
 6376000  0.005285268 -0.0052813541    265.72383 
 6377000 0.0054117355 -0.0054215508    269.67003 
 6378000 0.0052828696 -0.0053107443    266.78577 
 6379000 0.0052461777 -0.0052459586    266.12949 
 6380000 0.0051582606 -0.0051895292     266.2703 
 6381000 0.0053768829 -0.0053958906    267.62396 
 6382000  0.005366195 -0.0053831138    264.10369 
 6383000 0.0052530801 -0.005243223    272.09861 
 6384000 0.0053425089 -0.0054016359    267.46843 
 6385000 0.0053092471 -0.0053391413    268.94564 
 6386000  0.005420611 -0.005452353    264.18401 
 6387000 0.0052687386 -0.0052892292    266.66134 
 6388000 0.0055177029 -0.0055271438    266.37608 
 6389000 0.0052976465 -0.0053088637    264.87069 
 6390000 0.0054069827 -0.0054157556    267.98058 
 6391000 0.0056262661 -0.0056211837    259.55991 
 6392000 0.0055131483 -0.0054866101    271.12007 
 6393000 0.0056291552 -0.0056027435    271.27372 
 6394000 0.0054288653 -0.0054413365    271.00368 
 6395000 0.0053786045 -0.0053673774    265.95712 
 6396000 0.0054460126 -0.0054165759    264.48091 
 6397000 0.0052294667 -0.0052540991    265.85208 
 6398000 0.0052536603 -0.0052633936    263.61791 
 6399000 0.0052611684 -0.005264633    266.26749 
 6400000 0.0053417615 -0.0053455629    268.48801 
 6401000 0.0052529081 -0.0052584361    265.98586 
 6402000 0.0053390413 -0.005333232    265.43269 
 6403000 0.0053216398 -0.0053221873    271.24718 
 6404000 0.0053302466 -0.0053249563    271.58039 
 6405000 0.0051319995 -0.0051328516    266.21715 
 6406000 0.0051635523 -0.0052006875    270.67387 
 6407000 0.0052249937 -0.0052311777    268.19291 
 6408000 0.0052466012 -0.0052485926    268.50786 
 6409000 0.0050858085 -0.005121137    268.33206 
 6410000  0.005205655 -0.0052171772    272.02671 
 6411000 0.0052647211 -0.0052871737    268.84278 
 6412000 0.0052625456 -0.0052622701    267.24764 
 6413000 0.0052555995 -0.0052572279    268.77343 
 6414000 0.0053423587 -0.0053277314    270.49437 
 6415000 0.0052239441 -0.0052195437     266.7008 
 6416000 0.0051092514 -0.0051047558    273.70127 
 6417000 0.0052074698  -0.00523756     266.8378 
 6418000 0.0050776514 -0.0050893512    273.05135 
 6419000 0.0052028228 -0.0052021176    265.64472 
 6420000 0.0053247318 -0.0053380651    271.78233 
 6421000 0.0051817987 -0.005184041    266.85388 
 6422000 0.0052185577 -0.0052290707    267.80743 
 6423000 0.0052145718 -0.0052389356    264.57938 
 6424000 0.0051492314 -0.0051437878     264.9497 
 6425000 0.0051126201 -0.0051005901    270.43694 
 6426000 0.0052319162 -0.0052607439    267.67028 
 6427000 0.0050346729 -0.0051023717    261.80572 
 6428000 0.0051366102 -0.005182125    267.41098 
 6429000 0.0053934959 -0.0054134536    271.04164 
 6430000 0.0051063724 -0.0051333425    268.10406 
 6431000 0.0052553933 -0.0052877196     267.5353 
 6432000 0.0052017416 -0.0052216059    271.08015 
 6433000 0.0051678815 -0.005179235     268.1265 
 6434000 0.0050824447 -0.0050963856    269.29444 
 6435000  0.005181237 -0.0052073738    267.81661 
 6436000 0.0053305468 -0.0053592221    264.86056 
 6437000 0.0051330961 -0.0051574561    267.02331 
 6438000 0.0053096835 -0.0053283409    264.41593 
 6439000  0.005349116 -0.0053538553    265.19775 
 6440000  0.005342178 -0.0053386246    267.81181 
 6441000 0.0054820042 -0.0054788403    268.88941 
 6442000 0.0051564573 -0.0051610801    266.62182 
 6443000 0.0051747106 -0.0051598878    267.83678 
 6444000  0.005273502 -0.0052504828    268.80326 
 6445000 0.0052765497 -0.0052762398    265.46953 
 6446000  0.005264798 -0.0052609081    265.49456 
 6447000 0.0051779863 -0.005222082    264.73077 
 6448000 0.0051819799 -0.005209823    266.22075 
 6449000 0.0051369931 -0.0051531925    270.64737 
 6450000 0.0051736697 -0.0051858951    268.83323 
 6451000 0.0054237094 -0.0054079449    265.70161 
 6452000 0.0052521495 -0.0052364465    268.47623 
 6453000 0.0053265369 -0.0053434871    267.59886 
 6454000  0.005218645 -0.0052353081     266.2247 
 6455000  0.005422458 -0.0054349516    267.49056 
 6456000 0.0053655231 -0.0053652051    268.93031 
 6457000 0.0054175217 -0.0054174211    269.15354 
 6458000 0.0055957486 -0.0056283986    265.31185 
 6459000 0.0057281729 -0.0057510847    270.23512 
 6460000 0.0056553774 -0.005638454    271.48561 
 6461000 0.0056918307 -0.005696619     268.1704 
 6462000 0.0057049314 -0.0056680599    271.70972 
 6463000 0.0055844663 -0.0055807558    265.86305 
 6464000 0.0055863098 -0.0055737642    267.86409 
 6465000 0.0056381448 -0.0056297812    268.46842 
 6466000 0.0056835382 -0.0056609589    267.92648 
 6467000 0.0057779553 -0.0057968295    272.11014 
 6468000 0.0056927404 -0.005695387    272.92713 
 6469000 0.0056612234 -0.005655327    266.03186 
 6470000 0.0056459701 -0.0056218028    268.76768 
 6471000 0.0056213293 -0.0056163169    262.96038 
 6472000 0.0055489096 -0.0055380461    270.46412 
 6473000 0.0057068777 -0.0056963921    268.57962 
 6474000 0.0055645472 -0.0055675346    269.47731 
 6475000 0.0053701979 -0.0054071395    269.90322 
 6476000 0.0057561907 -0.0057991508    268.16614 
 6477000 0.0057085301 -0.0057104445    264.16466 
 6478000 0.0053747111 -0.0053738923    268.23194 
 6479000 0.0056242495  -0.00562696    265.41337 
 6480000 0.0056616235 -0.0056748849    267.69184 
 6481000 0.0056614444 -0.0056604187    265.85467 
 6482000 0.0055519117 -0.0055526654    265.52046 
 6483000 0.0054617095 -0.0054656691    266.95177 
 6484000 0.0053928558 -0.0053871416    262.46018 
 6485000  0.005607329 -0.0055911527    267.91603 
 6486000 0.0055619539 -0.0055751614    269.28553 
 6487000 0.0056755216 -0.0056688119    265.12421 
 6488000 0.0055454698 -0.0055233953    271.00882 
 6489000 0.0054768146 -0.0054966057    268.89427 
 6490000 0.0054554893 -0.0054491175    264.75094 
 6491000 0.0055218233 -0.0055415086    270.06948 
 6492000  0.005401902 -0.0054072177    267.34237 
 6493000 0.0055674628 -0.0055705522    277.17638 
 6494000  0.005626565 -0.005633905    266.03257 
 6495000 0.0056133372 -0.0056714201    262.24268 
 6496000   0.00539201 -0.0054238852    268.48861 
 6497000  0.005522582 -0.0055068607    269.86785 
 6498000 0.0054443393 -0.0054804808    267.56303 
 6499000  0.005264109 -0.0052822518    266.97237 
 6500000 0.0055160809 -0.0055379102    266.61186 
 6501000 0.0054512448 -0.0054390218    262.37663 
 6502000 0.0054829201 -0.0054915581    267.93949 
 6503000 0.0053761202 -0.005399013    270.96605 
 6504000 0.0054799545 -0.0054984075    261.64093 
 6505000 0.0053974975 -0.0053989711    269.24121 
 6506000 0.0053860477 -0.0053827847     270.1025 
 6507000 0.0053462502 -0.0053226771    269.44163 
 6508000 0.0055533625 -0.0055692174    268.64372 
 6509000 0.0055246664 -0.0055038836    266.99221 
 6510000 0.0055762448 -0.0055678859    270.21898 
 6511000 0.0056412963 -0.0056463385     270.8745 
 6512000 0.0055094081 -0.0055197521    268.47097 
 6513000 0.0055484685 -0.0055377032     266.4718 
 6514000 0.0055009185 -0.0055028325    262.08179 
 6515000 0.0055154398 -0.0055203119    270.99788 
 6516000 0.0055735565 -0.0055906609    262.68598 
 6517000 0.0055103443 -0.0055341746    268.16003 
 6518000 0.0054533516 -0.0054919905    273.47015 
 6519000 0.0053881879 -0.0054105685    267.29202 
 6520000 0.0055390042 -0.0055525906    269.67055 
 6521000 0.0054779595 -0.0054859859    270.30467 
 6522000 0.0055755329 -0.0055750227    268.58759 
 6523000 0.0054491951 -0.0054458636    264.80872 
 6524000 0.0055664665 -0.0055486393    263.08611 
 6525000  0.005611986 -0.0056407835    266.44821 
 6526000 0.0055471402 -0.0055804082    264.29243 
 6527000  0.005555265 -0.0055690331    267.50123 
 6528000 0.0055638638 -0.0055581608     271.8204 
 6529000 0.0055925872 -0.0055823161    267.29673 
 6530000 0.0055386072 -0.0055490181    264.49485 
 6531000 0.0055042164 -0.0055185191    268.13688 
 6532000 0.0054681695 -0.005479854    273.87639 
 6533000 0.0054841037 -0.0055100905    269.75222 
 6534000 0.0054288894 -0.0054355345    271.37935 
 6535000 0.0055509203 -0.0055670333    264.66921 
 6536000 0.0055750502 -0.0055698659    267.36555 
 6537000 0.0055651188 -0.0055630786     269.2823 
 6538000 0.0054429257 -0.0054600091    272.31001 
 6539000  0.005503424 -0.0055315346    261.37082 
 6540000 0.0056228577 -0.0056136378    262.89118 
 6541000 0.0055566769 -0.0055739911    267.98718 
 6542000 0.0055116031 -0.0055062962     265.9321 
 6543000 0.0056832422 -0.0056959054    266.18157 
 6544000 0.0057291718 -0.0057331921    267.78331 
 6545000 0.0056946528 -0.0057088405    271.04989 
 6546000 0.0057176873 -0.0057167982    268.08665 
 6547000 0.0056371774 -0.0056481935    268.69414 
 6548000 0.0055760241 -0.005572656    266.28281 
 6549000 0.0057845177 -0.0057777723    259.09416 
 6550000 0.0056003953 -0.0055983459    270.09737 
 6551000 0.0056220981 -0.0056152599    265.35359 
 6552000 0.0057371778 -0.0057435334    268.31211 
 6553000 0.0057195859 -0.0057021631    264.92593 
 6554000 0.0055556787 -0.0055202903    262.77731 
 6555000  0.005702808 -0.0057069463      267.714 
 6556000 0.0056216609 -0.0056154896    264.88886 
 6557000 0.0058408245 -0.0058226875     265.9544 
 6558000 0.0055967345 -0.0055703862    265.40615 
 6559000 0.0057677946 -0.0057589767     268.5328 
 6560000 0.0056740226 -0.0056805835    269.92533 
 6561000 0.0056892943 -0.0056175451    269.02003 
 6562000 0.0057222004 -0.0057054509    268.05354 
 6563000 0.0056166808 -0.0055869213    264.71909 
 6564000 0.0057568376 -0.0057406758    272.97757 
 6565000  0.005669939 -0.0056582705    269.70227 
 6566000 0.0056124135 -0.0055973948    266.32885 
 6567000 0.0053278677 -0.0053330245    267.65135 
 6568000 0.0055401937 -0.0055494805    272.78913 
 6569000 0.0055761133 -0.0055476031    267.42975 
 6570000 0.0055294945 -0.0055459256    267.69914 
 6571000 0.0055407417 -0.0055455617    267.09592 
 6572000 0.0054879138 -0.0055045679    268.09449 
 6573000 0.0056158137 -0.0056369455    268.99072 
 6574000 0.0055055883 -0.0054985417    264.73514 
 6575000 0.0056317811 -0.0056178771    274.22022 
 6576000 0.0054979412 -0.0055004721    271.35081 
 6577000 0.0055893326 -0.0056356167    267.58476 
 6578000 0.0057399739 -0.0057325647    267.31774 
 6579000 0.0056098437 -0.0055951405    268.99986 
 6580000 0.0057149523 -0.0057384907    264.90852 
 6581000 0.0055484735 -0.0055723513    266.28076 
 6582000 0.0057564428 -0.0057515861    268.61024 
 6583000 0.0056662791 -0.0056611343    264.35807 
 6584000 0.0056139933 -0.0056204891    263.93534 
 6585000 0.0054554593 -0.0054827635    269.96384 
 6586000 0.0055589418 -0.0055358774    271.65056 
 6587000 0.0052251303 -0.0052381943    268.32177 
 6588000 0.0053934783 -0.0053787556    269.12746 
 6589000    0.0054605 -0.0054739465    264.07191 
 6590000 0.0054664589 -0.0054458623     267.1013 
 6591000 0.0054877821 -0.0054840814    268.08061 
 6592000 0.0055952007 -0.005620633     269.4687 
 6593000 0.0054785392 -0.0054522864    276.38078 
 6594000 0.0054424781 -0.0054600564    268.52511 
 6595000 0.0055323008 -0.0055671175     269.8419 
 6596000 0.0056851344 -0.005689315    274.12564 
 6597000 0.0056240545 -0.0056347004    269.31143 
 6598000 0.0056639378 -0.0056355377    267.46075 
 6599000 0.0056850998 -0.0057139357    266.16852 
 6600000  0.005610217 -0.0056219449    268.28488 
 6601000  0.005515578 -0.0055395308    269.67933 
 6602000 0.0055035271 -0.0055385342    269.55302 
 6603000 0.0054927949 -0.0055316672    264.87093 
 6604000 0.0055501239 -0.0055576919    263.81842 
 6605000 0.0055630961 -0.0055717812    268.39721 
 6606000 0.0056096095 -0.0055958216      260.878 
 6607000 0.0054817702 -0.0054829624    273.84207 
 6608000 0.0054473803 -0.0054621499    267.48193 
 6609000 0.0055273168 -0.0055342519    265.37245 
 6610000 0.0054680841 -0.0055089731    267.65909 
 6611000 0.0053906861 -0.0053840037    265.72499 
 6612000 0.0055767438 -0.0055884798    269.25167 
 6613000 0.0055277389 -0.0055511053    262.38649 
 6614000 0.0055680793 -0.0055741752    266.47165 
 6615000 0.0056766701 -0.0056783862    264.65037 
 6616000 0.0058103057 -0.0057995609    263.86239 
 6617000 0.0056787931 -0.0056974106    268.46094 
 6618000 0.0056181244 -0.005627108    270.11494 
 6619000 0.0055092085 -0.0055565413    266.33846 
 6620000 0.0056359828 -0.0056545668    270.33365 
 6621000  0.005579403 -0.0055593651    270.29198 
 6622000 0.0055857849 -0.0055962728     271.3156 
 6623000 0.0056904769 -0.0057063085    263.90401 
 6624000 0.0056512207 -0.0056724457    265.74231 
 6625000 0.0054894528 -0.0055086587    267.04339 
 6626000 0.0056909642 -0.0057152206    267.79095 
 6627000 0.0056613801 -0.0056664951    267.05732 
 6628000  0.005601339 -0.005623811    267.83836 
 6629000 0.0057199927 -0.0057606255    268.01683 
 6630000 0.0057295495 -0.0057098379    264.02264 
 6631000 0.0058621702 -0.0058855147    267.34582 
 6632000 0.0058677122 -0.0058558405    269.50915 
 6633000 0.0055693431 -0.005519512    267.02079 
 6634000 0.0056757508 -0.0056347228    267.85574 
 6635000 0.0055641071 -0.0055694586    266.95045 
 6636000 0.0055970176 -0.0055813476    262.72053 
 6637000 0.0053841903 -0.0054011504    266.42627 
 6638000 0.0054391015 -0.0054862256    265.96805 
 6639000  0.005540113 -0.0055516525    269.09932 
 6640000  0.005498392 -0.0055268077    265.29136 
 6641000 0.0054713279 -0.0054741902    267.90336 
 6642000 0.0054266728 -0.0054471342    271.40643 
 6643000 0.0052387131 -0.0052333796    269.65852 
 6644000 0.0054044389 -0.0054141803    271.01209 
 6645000 0.0055243921 -0.0055570747    269.84095 
 6646000 0.0054599449 -0.005467472    269.20426 
 6647000  0.005569366 -0.0055496992    267.01675 
 6648000  0.005473032 -0.0054835771    270.40649 
 6649000 0.0054332997 -0.0054496562    264.64432 
 6650000 0.0054644693 -0.0054801597    268.54188 
 6651000 0.0053802841 -0.0053787055    267.07861 
 6652000 0.0053282665 -0.0053636484    264.23807 
 6653000 0.0051908234 -0.0052268295    272.34882 
 6654000  0.005423696 -0.0054230293    264.91208 
 6655000 0.0052189965 -0.0052404928    271.43631 
 6656000 0.0054445521 -0.0054578375    265.85719 
 6657000 0.0053676067 -0.0054028456    266.59873 
 6658000 0.0054327607 -0.0054239307    264.85684 
 6659000 0.0052455011 -0.0052703678    265.63185 
 6660000 0.0054151046 -0.0054589277    266.66246 
 6661000 0.0053981677 -0.0054139556    271.59712 
 6662000 0.0054493524 -0.0054592217    271.92633 
 6663000 0.0054155213 -0.0054242734    267.14951 
 6664000 0.0053555292 -0.0054069372    263.50592 
 6665000 0.0052864952 -0.0053167816     272.0128 
 6666000 0.0054343254 -0.005449484    260.35366 
 6667000 0.0053803902 -0.005403717     266.2824 
 6668000 0.0054776714 -0.0054955534    271.80822 
 6669000 0.0054540365 -0.0054764225    267.21706 
 6670000 0.0053105769 -0.0053742673    270.10121 
 6671000 0.0052925635 -0.0053432036    270.15815 
 6672000 0.0053444259 -0.0053738265    267.41483 
 6673000 0.0053203555 -0.0053420038    269.78424 
 6674000 0.0053606878 -0.0053584556    268.10542 
 6675000  0.005282983 -0.0053120036    270.50292 
 6676000 0.0053185548 -0.005318413    266.35076 
 6677000 0.0053556637 -0.0053983912    265.69503 
 6678000 0.0052964198 -0.0053514267    264.29622 
 6679000 0.0052594718 -0.0052994937    269.33556 
 6680000 0.0051814177 -0.0052277716    266.92632 
 6681000 0.0052924339 -0.005337379    271.10774 
 6682000 0.0052497255 -0.0052591746    271.69015 
 6683000  0.005277468 -0.0053204573    265.06479 
 6684000 0.0052326052 -0.0052689581    266.34032 
 6685000 0.0052773974 -0.0052898719    266.79142 
 6686000 0.0052999402 -0.0052981688     266.3778 
 6687000 0.0051367424 -0.005129749    266.57962 
 6688000 0.0051561367 -0.0051588334    267.95218 
 6689000 0.0050463246 -0.005052091    266.85909 
 6690000 0.0051401945 -0.0051841896    270.50743 
 6691000 0.0052404682 -0.0052266755    273.13483 
 6692000  0.005203765 -0.005210424    267.43202 
 6693000 0.0053152283 -0.0053304643    264.07789 
 6694000 0.0051332652 -0.0051546548    269.18647 
 6695000 0.0051003656 -0.0050892215    271.59887 
 6696000 0.0051419508  -0.00515323     273.8461 
 6697000  0.005201597 -0.0052169663    268.67789 
 6698000 0.0053373494 -0.0053951365    262.86369 
 6699000 0.0052490665 -0.0052622555    264.88683 
 6700000 0.0053735465 -0.0053698728    269.49572 
 6701000 0.0053221607 -0.0053406709    273.43934 
 6702000 0.0052536169 -0.0052460634    263.54309 
 6703000 0.0053548218 -0.005379303    265.77974 
 6704000 0.0051884187 -0.0051609695    268.26829 
 6705000 0.0051257731 -0.0051541671    270.10582 
 6706000 0.0052268959 -0.0053176749    266.15148 
 6707000 0.0051563045 -0.0051825543    269.27011 
 6708000  0.005238706 -0.0052491417    270.85783 
 6709000 0.0052803432 -0.0053029213    266.36219 
 6710000 0.0052802981 -0.0052731303    269.00293 
 6711000 0.0052243018 -0.0052340004    269.26432 
 6712000 0.0051101879 -0.0051175553    270.40727 
 6713000  0.004994345 -0.0050107158    265.65389 
 6714000  0.005013111 -0.0050362299    261.70651 
 6715000 0.0052272598 -0.005235512      269.543 
 6716000 0.0050015909 -0.0050086616    266.10402 
 6717000 0.0051162026 -0.0051337811    264.73948 
 6718000 0.0050154806 -0.0050292118    270.01709 
 6719000 0.0051029033 -0.0051052395    267.58705 
 6720000 0.0050720123 -0.0051248088    262.71144 
 6721000 0.0050401626 -0.0050625498    262.87489 
 6722000 0.0051591294 -0.0051825259    266.47986 
 6723000 0.0048844823 -0.0048909626    270.99557 
 6724000 0.0049474271 -0.0049719172    267.66063 
 6725000 0.0050227347 -0.0050392066    270.37871 
 6726000 0.0050854049 -0.0051263426    266.93005 
 6727000 0.0050871939 -0.0050912656    266.22978 
 6728000  0.005183621 -0.0051926933    266.65576 
 6729000 0.0053942747 -0.0054113689    265.84082 
 6730000   0.00503759 -0.0050581822    273.02073 
 6731000 0.0051206339 -0.0051052949    267.39179 
 6732000 0.0050038915 -0.005002512    266.50726 
 6733000 0.0051071962 -0.0051429591    265.05051 
 6734000 0.0050411354 -0.0050527231    264.02516 
 6735000  0.005158012 -0.0051626912    266.31098 
 6736000 0.0052630081 -0.0052817004    273.34374 
 6737000 0.0051396298 -0.005138855    264.85516 
 6738000 0.0052553566 -0.0052863546    269.38121 
 6739000 0.0050691397 -0.0050884856    263.32333 
 6740000 0.0051771779 -0.0052395123    268.55735 
 6741000 0.0051095587 -0.0051381172    267.22198 
 6742000 0.0050859551 -0.0051366976    269.23382 
 6743000 0.0052519394 -0.005282106    270.80786 
 6744000 0.0051004424 -0.0051120937    268.18935 
 6745000 0.0050042896 -0.0050259132    264.24383 
 6746000 0.0048377974 -0.0048862313    270.05989 
 6747000  0.004999985 -0.0050351513    269.92791 
 6748000 0.0049975597 -0.0050141285    263.84445 
 6749000 0.0049528867 -0.0049693511    268.58197 
 6750000 0.0050594131 -0.0050945459     271.1696 
 6751000 0.0049792465 -0.0049905903    265.02669 
 6752000 0.0050320945 -0.0050700893    266.68353 
 6753000 0.0047615387 -0.0048354398    266.26084 
 6754000 0.0049088619 -0.0049593431    269.36245 
 6755000 0.0049740251 -0.004985921    267.20962 
 6756000 0.0049152857 -0.0049549203    266.50157 
 6757000 0.0049488208 -0.0049698951    270.47283 
 6758000 0.0050033942 -0.0050162732    268.02306 
 6759000 0.0051783116 -0.0051976955    267.29534 
 6760000 0.0050632852 -0.0050695183    267.65321 
 6761000  0.005159354 -0.0051785635    270.17979 
 6762000 0.0050978871 -0.0051353297    268.17903 
 6763000 0.0051388805 -0.0051423744    264.83423 
 6764000 0.0049766838 -0.0050149437    273.48543 
 6765000 0.0052137997 -0.0052538331    268.61889 
 6766000 0.0052745846 -0.0053149969    267.04481 
 6767000 0.0052847534 -0.0053166166    264.31393 
 6768000 0.0052052114 -0.0052559452     264.6694 
 6769000 0.0052597527 -0.0052873195     269.7889 
 6770000 0.0051842507 -0.0052019368    263.75575 
 6771000  0.005186861 -0.0052060383     270.6066 
 6772000 0.0054089234 -0.0054286771    260.37877 
 6773000 0.0052943736 -0.0053381483    268.60645 
 6774000 0.0052699279 -0.0052918832    273.32843 
 6775000 0.0051756676 -0.0051951476    265.68105 
 6776000 0.0051347073 -0.0051547711    270.53151 
 6777000 0.0050860481 -0.0050970737    271.34581 
 6778000 0.0052443539 -0.0052648905    266.03674 
 6779000 0.0051513763 -0.0051687988    270.55959 
 6780000  0.005203964 -0.0052328303    264.81152 
 6781000 0.0050993283 -0.005120382    265.48924 
 6782000  0.005207825 -0.005250199    271.36889 
 6783000 0.0052967282 -0.0053282122    263.80664 
 6784000  0.005179581 -0.0051957026    261.18764 
 6785000  0.005090868 -0.0051077654    264.90916 
 6786000 0.0051036362 -0.0050962661    269.91971 
 6787000 0.0051156921 -0.0051421178    268.30828 
 6788000 0.0052205195 -0.0052283186    269.73485 
 6789000 0.0053002505 -0.0053146023    271.42061 
 6790000  0.005083023 -0.0051031637    266.86783 
 6791000 0.0051671553 -0.0051678975    271.65069 
 6792000 0.0050510702 -0.005077489    267.26665 
 6793000 0.0050951381 -0.0050900341    268.84785 
 6794000 0.0050673362 -0.0050764135    267.01101 
 6795000 0.0052357026 -0.0052559526    264.76013 
 6796000 0.0050972307 -0.0050701759    270.60679 
 6797000 0.0050711046 -0.0050613647    264.88163 
 6798000 0.0051476669 -0.0051634486     266.5204 
 6799000  0.005032688 -0.0050446786     267.5878 
 6800000 0.0050293114 -0.0050616326    265.50606 
 6801000 0.0050354798 -0.0050647543    270.09302 
 6802000 0.0051684153  -0.00516331    267.43078 
 6803000 0.0050389947 -0.0050489271    264.15797 
 6804000 0.0050403293 -0.0050392905    269.76102 
 6805000 0.0051174451 -0.0051271135    261.38872 
 6806000 0.0050991108 -0.0050976839    266.60853 
 6807000 0.0050727875 -0.0050799821    269.27123 
 6808000 0.0051113972 -0.0051198715    267.05341 
 6809000 0.0049793314 -0.0049724512    270.57538 
 6810000 0.0048898733 -0.0048871624    264.07601 
 6811000 0.0051164556 -0.0051469053    265.23423 
 6812000 0.0051241078 -0.005128116    267.22907 
 6813000 0.0052011588 -0.0051927884    271.60283 
 6814000 0.0052853233 -0.0053341099    263.65822 
 6815000 0.0053059422 -0.0053073677    265.09375 
 6816000  0.005129761 -0.0051061931    265.07253 
 6817000 0.0050728444 -0.0050898223     269.7887 
 6818000 0.0052064644  -0.00523201    264.69428 
 6819000 0.0049904014 -0.0050298478    266.89151 
 6820000 0.0049430686 -0.0049419572    269.73053 
 6821000 0.0051320484 -0.0051341311    265.21923 
 6822000 0.0049179079 -0.0049649701    266.92789 
 6823000 0.0050176168 -0.0050486687     264.1385 
 6824000 0.0051133556 -0.0051489128    266.49031 
 6825000 0.0050726736 -0.0051243155    271.38867 
 6826000 0.0050023505 -0.0050197292     269.2393 
 6827000 0.0048847701 -0.004928402    271.07298 
 6828000 0.0051499732 -0.0051413845    267.22617 
 6829000 0.0051254202 -0.0051424337    269.43523 
 6830000 0.0049843065 -0.0050440005     269.8043 
 6831000 0.0049289783 -0.0049434571    265.54619 
 6832000 0.0048793632 -0.0048774296    270.13255 
 6833000 0.0050159325 -0.0050211027    268.39609 
 6834000 0.0049419204 -0.004928836    268.08185 
 6835000 0.0047809604 -0.0047834952    268.20878 
 6836000 0.0046815598 -0.0047060993    267.71471 
 6837000 0.0048888045 -0.0049217963    266.37099 
 6838000 0.0047502554 -0.0047307033    267.60772 
 6839000 0.0047760466 -0.004794411    269.40106 
 6840000 0.0047488797 -0.0047828741    263.29653 
 6841000 0.0049231918 -0.0049269953    269.47654 
 6842000 0.0049878906 -0.0050355059    264.75773 
 6843000 0.0048809842 -0.0049046013     270.2074 
 6844000 0.0050380157 -0.0050781939    267.33978 
 6845000 0.0050103025 -0.0049923994    266.28118 
 6846000 0.0051441503 -0.0051592183    266.04881 
 6847000 0.0050295201 -0.0050565816    274.59139 
 6848000 0.0051094455 -0.0051532536    268.79266 
 6849000 0.0050973352 -0.0051529505    269.70688 
 6850000  0.004983968 -0.0050359682    263.62181 
 6851000 0.0050064315 -0.0050623932    267.99566 
 6852000 0.0049580912 -0.0050119148    267.58286 
 6853000 0.0050801744 -0.0051016773    270.94863 
 6854000 0.0050151273 -0.0050570633    269.24359 
 6855000 0.0049796902 -0.0050334725    267.50263 
 6856000  0.004878984 -0.0049238171    267.78386 
 6857000 0.0050215586 -0.0050337291    266.91046 
 6858000 0.0050498484 -0.0050729444    266.60793 
 6859000 0.0050372476 -0.0051073872    266.21317 
 6860000 0.0051099937 -0.0051302733     267.9625 
 6861000 0.0051081339 -0.0051384713    264.73312 
 6862000 0.0049674966 -0.0049528311    270.72155 
 6863000 0.0048879909 -0.0049575183    268.11012 
 6864000 0.0049001457 -0.0049435138    267.81727 
 6865000 0.0050541409 -0.0050946502    263.87129 
 6866000 0.0050107904 -0.0050416011    269.41471 
 6867000 0.0049529626 -0.0049876806    265.72697 
 6868000 0.0050965877 -0.005131738    265.09056 
 6869000 0.0049148224 -0.004940469    267.12404 
 6870000 0.0049791567 -0.0049974301    265.27549 
 6871000 0.0049054722 -0.0049414517    270.04858 
 6872000 0.0048539776 -0.0049016727    263.74092 
 6873000 0.0048287131 -0.0048491552    266.79457 
 6874000 0.0049257415 -0.0050006132    268.67805 
 6875000 0.0049773303 -0.0049982006     268.2053 
 6876000 0.0049950289 -0.0049979805    269.75528 
 6877000 0.0049689729 -0.0050179135    268.27949 
 6878000 0.0049260249 -0.0049793203    266.56105 
 6879000 0.0049169764 -0.0049451145    269.41752 
 6880000 0.0049057808 -0.004933028    265.56519 
 6881000 0.0049277326 -0.0049696538    264.05716 
 6882000 0.0050726411 -0.0051224112    270.51673 
 6883000  0.004920681  -0.00493298    266.74151 
 6884000 0.0048946886 -0.0049221308    268.30931 
 6885000 0.0050596635 -0.0050880306    270.73586 
 6886000 0.0050819155 -0.0050668362    269.74797 
 6887000 0.0050185216 -0.0050594931    272.13422 
 6888000 0.0048420858 -0.0048731724    266.82791 
 6889000 0.0048544594 -0.0048665431    270.21402 
 6890000 0.0050124646 -0.0050499516    263.38548 
 6891000 0.0049228327 -0.0049661598     267.2637 
 6892000 0.0049584976 -0.004999811    267.46993 
 6893000 0.0050543706 -0.0050847739    264.03459 
 6894000 0.0050460406 -0.0050270874    268.49962 
 6895000 0.0050671508 -0.0050736289    269.67229 
 6896000  0.005148657 -0.0051952333    265.60076 
 6897000 0.0052046467 -0.0052120754    265.55325 
 6898000 0.0051777815 -0.0051497335    268.75774 
 6899000 0.0051666787 -0.0051574813    269.57394 
 6900000 0.0051060813 -0.0051071404    268.24287 
 6901000 0.0049839415 -0.0050101922    268.51564 
 6902000 0.0050131267 -0.0050364528    266.28752 
 6903000 0.0050913827 -0.0051084219    268.22763 
 6904000 0.0050765356 -0.0050724908    271.66276 
 6905000 0.0051969259 -0.0051998467    270.80229 
 6906000 0.0051524647 -0.0051926741    267.23946 
 6907000 0.0049831611 -0.0050084774    271.61734 
 6908000 0.0051993421 -0.0052187965    269.02338 
 6909000 0.0052209888 -0.0052764508     274.3431 
 6910000  0.005052991 -0.0050811718    267.70861 
 6911000 0.0051176435 -0.0051752652    268.92319 
 6912000 0.0052008386 -0.0052107816    264.54434 
 6913000 0.0050894764 -0.0050893781    267.81325 
 6914000 0.0051527544 -0.0051837941    268.77429 
 6915000 0.0049428707 -0.0049601821    263.99068 
 6916000 0.0050393097 -0.0050698493    270.53521 
 6917000 0.0050033017 -0.0050463575    270.82924 
 6918000 0.0049686827 -0.0049876775     274.6925 
 6919000 0.0049758389 -0.0050180995    268.82564 
 6920000  0.004974267 -0.0049985298    265.90588 
 6921000 0.0049279481 -0.0049721986    268.96414 
 6922000 0.0050579996 -0.0050758147    265.86194 
 6923000 0.0050268488 -0.0050394196    270.22355 
 6924000 0.0051320028 -0.0051333349    268.51228 
 6925000 0.0050180614 -0.0050248472    264.83587 
 6926000 0.0049605478 -0.0049551442    265.28574 
 6927000 0.0050679508 -0.0050653788    268.77892 
 6928000 0.0049102937 -0.0049098492    267.57227 
 6929000 0.0049846934 -0.0050024898    268.48646 
 6930000 0.0049477166 -0.0049762029    263.56408 
 6931000 0.0050183347 -0.0050500351    270.70641 
 6932000 0.0049644683 -0.0049549815    266.20213 
 6933000 0.0049531126 -0.0049399978    266.81441 
 6934000 0.0048213837 -0.0048227786    273.51287 
 6935000 0.0048003124 -0.0048150769    266.09103 
 6936000 0.0049425337 -0.004955042    267.73001 
 6937000 0.0051414421 -0.0051723916    264.12718 
 6938000  0.005089404 -0.0051221372    269.98968 
 6939000 0.0048652838 -0.0048811673    265.00886 
 6940000 0.0049130739 -0.0049412317    268.60423 
 6941000  0.004993246 -0.0050069329    270.19634 
 6942000 0.0050695587 -0.0050905428    266.54707 
 6943000 0.0050045104 -0.0050227956    266.44895 
 6944000 0.0049261594 -0.0049590991    265.89878 
 6945000 0.0049862588 -0.0050158793    265.04889 
 6946000 0.0047524911 -0.0047991474    267.80545 
 6947000 0.0048286426 -0.0048925235    269.22979 
 6948000 0.0048116283 -0.0048621659    267.66314 
 6949000 0.0048210027 -0.0048716468    266.57379 
 6950000 0.0049799972 -0.0050125915    266.86565 
 6951000 0.0050263243 -0.0050627239    271.60512 
 6952000 0.0049639055 -0.005000452    266.95109 
 6953000 0.0049261849 -0.0049884171    270.62147 
 6954000 0.0049735214 -0.0049962811    267.84117 
 6955000 0.0049814129 -0.0050025605     264.0429 
 6956000 0.0050407411 -0.0050647778    265.90593 
 6957000 0.0049670387 -0.0049767131    269.03101 
 6958000 0.0048419708 -0.0048554645    270.67822 
 6959000 0.0047700696 -0.0047711701     266.4127 
 6960000 0.0049825733 -0.0050188428    276.44976 
 6961000 0.0048625075 -0.0048794113    269.94918 
 6962000  0.004946417 -0.0049898376    266.48355 
 6963000 0.0048380756 -0.0048722462    266.47613 
 6964000 0.0051138177 -0.0051233902    269.54857 
 6965000 0.0049475593  -0.00497212    270.42525 
 6966000 0.0048438624 -0.0048603242     264.5875 
 6967000 0.0050512617 -0.0050812747    267.97554 
 6968000 0.0050512569 -0.0050465742    268.51443 
 6969000 0.0049791977 -0.0050040191    271.49303 
 6970000 0.0049944666 -0.0049950533    269.92435 
 6971000 0.0050860984 -0.0050916042     265.4115 
 6972000 0.0050522772 -0.005049702    265.87704 
 6973000 0.0051055584 -0.0051215103    268.58975 
 6974000 0.0050850001 -0.0051028883      267.234 
 6975000 0.0050445069  -0.00508151    267.57991 
 6976000 0.0051187914 -0.0051620124    265.71947 
 6977000  0.005157717 -0.0051528412    266.84389 
 6978000  0.005037193 -0.0050571702    271.02842 
 6979000 0.0050179164 -0.005067085    270.99348 
 6980000 0.0051151488 -0.0051323644    272.53931 
 6981000 0.0052100627 -0.0052260623    271.77916 
 6982000 0.0049522068 -0.0049618963    263.38137 
 6983000 0.0052483189 -0.0052639918    262.78581 
 6984000 0.0051531587 -0.0051905124    267.41505 
 6985000 0.0050127127 -0.0050471787    262.69667 
 6986000 0.0049847474 -0.0049836408    267.31503 
 6987000  0.004881945 -0.0049381775     269.7651 
 6988000   0.00513873 -0.0051764107    271.51441 
 6989000 0.0050059429 -0.0050072476    266.98101 
 6990000 0.0050658709 -0.0050667582    271.32381 
 6991000 0.0050139635 -0.0050044781    265.14891 
 6992000 0.0049399003 -0.0049290867    266.67582 
 6993000 0.0050056615 -0.0050081005    270.03734 
 6994000 0.0049960719 -0.0049993794    268.39484 
 6995000 0.0050949671 -0.0051292225    261.01252 
 6996000 0.0051954144 -0.0052028482     271.2968 
 6997000 0.0050699223 -0.0050949711    271.22752 
 6998000  0.005118401 -0.0051709467    264.21576 
 6999000  0.005178875 -0.0052055974    269.41734 
 7000000 0.0052007847 -0.0052315558     268.0813 

