
 4000000 0.0051231188 
 4001000 0.0044281013 
 4002000 0.0043902479 
 4003000  0.004358633 
 4004000 0.0043266833 
 4005000 0.0042115818 
 4006000 0.0042907916 
 4007000 0.0041987725 
 4008000 0.0041885325 
 4009000 0.0041847835 
 4010000 0.0041821218 
 4011000 0.0039728913 
 4012000 0.0040911597 
 4013000 0.0040538973 
 4014000 0.0039894402 
 4015000 0.0040594964 
 4016000 0.0039839492 
 4017000 0.0039561842 
 4018000 0.0039035587 
 4019000 0.0039604493 
 4020000 0.0039254625 
 4021000 0.0038960158 
 4022000  0.003874326 
 4023000 0.0036967383 
 4024000 0.0038203642 
 4025000  0.003786382 
 4026000  0.003830781 
 4027000 0.0038693761 
 4028000 0.0037973287 
 4029000 0.0036950749 
 4030000 0.0037594319 
 4031000 0.0038172612 
 4032000 0.0036949347 
 4033000 0.0038108499 
 4034000 0.0038303117 
 4035000 0.0037796747 
 4036000 0.0036537429 
 4037000 0.0037685028 
 4038000 0.0036889984 
 4039000 0.0035889881 
 4040000 0.0036382954 
 4041000 0.0036947766 
 4042000  0.003610749 
 4043000 0.0035916228 
 4044000 0.0035591829 
 4045000 0.0035348266 
 4046000 0.0033773631 
 4047000 0.0034786041 
 4048000 0.0035478077 
 4049000 0.0036098912 
 4050000 0.0034441854 
 4051000 0.0035547673 
 4052000 0.0034379615 
 4053000  0.003550349 
 4054000 0.0036156236 
 4055000 0.0036144958 
 4056000 0.0036153306 
 4057000 0.0035875889 
 4058000 0.0034851187 
 4059000 0.0035992846 
 4060000 0.0035434059 
 4061000 0.0035611094 
 4062000 0.0036223993 
 4063000 0.0034240503 
 4064000  0.003462062 
 4065000 0.0033534644 
 4066000 0.0034562033 
 4067000 0.0032206924 
 4068000  0.003186902 
 4069000 0.0031406497 
 4070000 0.0031943881 
 4071000 0.0032435234 
 4072000 0.0033184732 
 4073000  0.003101063 
 4074000  0.003311847 
 4075000 0.0033735276 
 4076000 0.0032636508 
 4077000 0.0033673955 
 4078000 0.0030872193 
 4079000 0.0031399831 
 4080000 0.0032279826 
 4081000 0.0030722892 
 4082000 0.0030697655 
 4083000 0.0028270397 
 4084000 0.0029660563 
 4085000 0.0029939359 
 4086000 0.0030437224 
 4087000 0.0030165645 
 4088000 0.0029641774 
 4089000 0.0028302762 
 4090000 0.0029750042 
 4091000 0.0027486427 
 4092000 0.0028636239 
 4093000 0.0026611091 
 4094000 0.0027416655 
 4095000 0.0027045091 
 4096000 0.0028832376 
 4097000 0.0028457257 
 4098000 0.0026598077 
 4099000 0.0026949115 
 4100000 0.0026568975 
 4101000 0.0027413502 
 4102000 0.0026243274 
 4103000 0.0027233772 
 4104000 0.0025396616 
 4105000 0.0025408875 
 4106000 0.0026019097 
 4107000 0.0025716226 
 4108000 0.0025272371 
 4109000 0.0025790651 
 4110000 0.0025198091 
 4111000 0.0025772144 
 4112000 0.0027060728 
 4113000 0.0027341515 
 4114000 0.0026064195 
 4115000 0.0025223946 
 4116000  0.002654905 
 4117000 0.0026767261 
 4118000 0.0026525058 
 4119000 0.0026279892 
 4120000 0.0027227398 
 4121000 0.0026513898 
 4122000 0.0026094505 
 4123000 0.0024985781 
 4124000 0.0026122246 
 4125000 0.0025215625 
 4126000 0.0025485274 
 4127000 0.0026814075 
 4128000 0.0025892861 
 4129000 0.0026787174 
 4130000  0.002515961 
 4131000  0.002524334 
 4132000  0.002396268 
 4133000 0.0024482222 
 4134000 0.0023960818 
 4135000 0.0024076967 
 4136000 0.0024897789 
 4137000 0.0022848487 
 4138000 0.0024582544 
 4139000  0.002284184 
 4140000 0.0025321774 
 4141000 0.0024841903 
 4142000 0.0025694173 
 4143000 0.0025675017 
 4144000 0.0024606494 
 4145000 0.0024868881 
 4146000 0.0023776423 
 4147000 0.0025439371 
 4148000 0.0025544569 
 4149000 0.0023891661 
 4150000 0.0025415132 
 4151000 0.0024932512 
 4152000 0.0025563709 
 4153000 0.0026038713 
 4154000 0.0026397169 
 4155000 0.0023396875 
 4156000 0.0023769234 
 4157000 0.0024832899 
 4158000 0.0022693247 
 4159000 0.0023303159 
 4160000 0.0024485494 
 4161000 0.0024523359 
 4162000 0.0026056019 
 4163000 0.0025982822 
 4164000 0.0025510414 
 4165000 0.0026719167 
 4166000 0.0025997297 
 4167000 0.0024719652 
 4168000  0.002575698 
 4169000 0.0025446068 
 4170000 0.0026164593 
 4171000 0.0023963629 
 4172000 0.0024532292 
 4173000 0.0024231063 
 4174000 0.0024282724 
 4175000 0.0025000208 
 4176000 0.0024026668 
 4177000 0.0025607859 
 4178000 0.0023639294 
 4179000 0.0025231647 
 4180000 0.0024497356 
 4181000 0.0022075575 
 4182000 0.0022254854 
 4183000 0.0022430596 
 4184000 0.0021451677 
 4185000 0.0020681268 
 4186000 0.0022051543 
 4187000 0.0021079735 
 4188000 0.0022312408 
 4189000 0.0023735967 
 4190000 0.0021518565 
 4191000 0.0021725845 
 4192000 0.0021323514 
 4193000 0.0022850615 
 4194000 0.0022608416 
 4195000 0.0022665855 
 4196000 0.0022751322 
 4197000 0.0023826698 
 4198000 0.0024876287 
 4199000 0.0024479876 
 4200000 0.0024327634 
 4201000 0.0024030637 
 4202000 0.0022799589 
 4203000 0.0024189784 
 4204000 0.0025223743 
 4205000 0.0025021084 
 4206000 0.0025847117 
 4207000 0.0025105875 
 4208000 0.0025183887 
 4209000 0.0024840078 
 4210000 0.0023868713 
 4211000 0.0026343002 
 4212000 0.0024307466 
 4213000 0.0024635117 
 4214000 0.0022695771 
 4215000 0.0024415467 
 4216000 0.0025116347 
 4217000 0.0024282345 
 4218000 0.0023397299 
 4219000  0.002294265 
 4220000 0.0023699433 
 4221000 0.0024328045 
 4222000 0.0025602071 
 4223000 0.0025466338 
 4224000 0.0026482854 
 4225000 0.0023923703 
 4226000 0.0023618485 
 4227000 0.0022756348 
 4228000 0.0023395945 
 4229000 0.0022301425 
 4230000 0.0023149704 
 4231000 0.0022829192 
 4232000 0.0023499447 
 4233000 0.0024305984 
 4234000 0.0023228173 
 4235000 0.0023173396 
 4236000 0.0023192794 
 4237000 0.0023560621 
 4238000 0.0023725568 
 4239000 0.0023805487 
 4240000  0.002424811 
 4241000 0.0023029452 
 4242000 0.0023183786 
 4243000 0.0023183502 
 4244000 0.0021338153 
 4245000 0.0020711125 
 4246000  0.002112565 
 4247000 0.0021633519 
 4248000  0.002180632 
 4249000 0.0022148579 
 4250000 0.0023077433 
 4251000 0.0023656567 
 4252000 0.0023750491 
 4253000 0.0021882008 
 4254000 0.0022148048 
 4255000 0.0021930703 
 4256000 0.0021820725 
 4257000 0.0021797396 
 4258000  0.002166288 
 4259000 0.0021888599 
 4260000 0.0022812325 
 4261000 0.0022983433 
 4262000 0.0021053061 
 4263000 0.0022343655 
 4264000 0.0021134804 
 4265000 0.0021234101 
 4266000 0.0021599331 
 4267000 0.0022129574 
 4268000 0.0020265155 
 4269000 0.0021762885 
 4270000 0.0020760908 
 4271000 0.0021156161 
 4272000 0.0021261351 
 4273000 0.0022151852 
 4274000 0.0020839869 
 4275000 0.0021415984 
 4276000 0.0020916346 
 4277000 0.0021087727 
 4278000  0.002063261 
 4279000 0.0021777748 
 4280000 0.0020754962 
 4281000 0.0020429485 
 4282000 0.0021675928 
 4283000 0.0022442734 
 4284000 0.0023033215 
 4285000 0.0022158597 
 4286000 0.0022128141 
 4287000 0.0021476843 
 4288000 0.0022707087 
 4289000 0.0022685828 
 4290000 0.0021972553 
 4291000 0.0022092971 
 4292000 0.0021688337 
 4293000  0.002353656 
 4294000 0.0023062971 
 4295000 0.0023012188 
 4296000  0.002245914 
 4297000 0.0022551765 
 4298000 0.0022542263 
 4299000 0.0023885988 
 4300000 0.0022150476 
 4301000 0.0020809268 
 4302000 0.0022142224 
 4303000 0.0022118034 
 4304000 0.0022800055 
 4305000 0.0020766657 
 4306000  0.002067027 
 4307000 0.0021008376 
 4308000 0.0020902064 
 4309000 0.0019670685 
 4310000  0.001984892 
 4311000 0.0020519782 
 4312000 0.0019865188 
 4313000 0.0020442157 
 4314000 0.0021143628 
 4315000 0.0021771967 
 4316000 0.0020442553 
 4317000 0.0020417074 
 4318000 0.0020152492 
 4319000 0.0020941682 
 4320000 0.0021931797 
 4321000 0.0020908533 
 4322000 0.0021340074 
 4323000 0.0019543547 
 4324000 0.0020050728 
 4325000 0.0021580303 
 4326000  0.002039011 
 4327000 0.0019464607 
 4328000 0.0021622747 
 4329000 0.0020659214 
 4330000  0.002223278 
 4331000 0.0021208001 
 4332000 0.0022134606 
 4333000 0.0021477571 
 4334000 0.0018416348 
 4335000 0.0019038922 
 4336000 0.0018683805 
 4337000 0.0019090459 
 4338000  0.001912692 
 4339000 0.0018102641 
 4340000 0.0017507769 
 4341000 0.0019308828 
 4342000 0.0019819169 
 4343000  0.002037799 
 4344000 0.0018413139 
 4345000 0.0020636068 
 4346000 0.0020033205 
 4347000 0.0020226749 
 4348000 0.0018129577 
 4349000 0.0019513755 
 4350000 0.0018889459 
 4351000 0.0021116874 
 4352000 0.0019002829 
 4353000 0.0019594586 
 4354000 0.0021164969 
 4355000 0.0019667353 
 4356000 0.0019483223 
 4357000  0.002112096 
 4358000 0.0021673152 
 4359000 0.0019167907 
 4360000 0.0021521263 
 4361000 0.0020577998 
 4362000 0.0019312318 
 4363000 0.0018952244 
 4364000 0.0019763969 
 4365000 0.0020421328 
 4366000 0.0019537574 
 4367000 0.0019507141 
 4368000 0.0018800277 
 4369000 0.0020095301 
 4370000 0.0020716279 
 4371000 0.0021463956 
 4372000  0.002161406 
 4373000 0.0020271986 
 4374000 0.0020632596 
 4375000 0.0021202977 
 4376000 0.0022615263 
 4377000  0.001968669 
 4378000 0.0020909961 
 4379000 0.0020631094 
 4380000 0.0020008127 
 4381000 0.0020100336 
 4382000 0.0020556969 
 4383000 0.0021004945 
 4384000 0.0018797417 
 4385000 0.0018438388 
 4386000 0.0020400029 
 4387000   0.00179253 
 4388000 0.0019512474 
 4389000 0.0020331298 
 4390000 0.0020282766 
 4391000 0.0018295124 
 4392000 0.0019982612 
 4393000 0.0019572651 
 4394000 0.0020532768 
 4395000 0.0018739574 
 4396000 0.0018743849 
 4397000 0.0018920702 
 4398000 0.0018666172 
 4399000 0.0018666141 
 4400000 0.0018409323 
 4401000 0.0016973892 
 4402000 0.0019481904 
 4403000  0.001867526 
 4404000 0.0019562314 
 4405000 0.0017698793 
 4406000 0.0017837548 
 4407000  0.001725357 
 4408000 0.0019918176 
 4409000 0.0020356676 
 4410000 0.0019838585 
 4411000 0.0019119655 
 4412000 0.0020999819 
 4413000 0.0020829023 
 4414000  0.002055654 
 4415000 0.0020671484 
 4416000  0.001986198 
 4417000 0.0020596411 
 4418000 0.0021194281 
 4419000 0.0020163439 
 4420000 0.0019985098 
 4421000  0.002244644 
 4422000 0.0021786984 
 4423000 0.0019297371 
 4424000 0.0019192503 
 4425000 0.0018140231 
 4426000 0.0018184139 
 4427000 0.0020632212 
 4428000 0.0019632804 
 4429000 0.0019700299 
 4430000 0.0018696485 
 4431000 0.0018451026 
 4432000 0.0019188809 
 4433000 0.0018892975 
 4434000 0.0019555245 
 4435000 0.0017459762 
 4436000 0.0018099663 
 4437000 0.0019457111 
 4438000 0.0019459364 
 4439000 0.0019149861 
 4440000 0.0021146953 
 4441000 0.0020468943 
 4442000 0.0019631154 
 4443000 0.0021370419 
 4444000 0.0019374764 
 4445000  0.001827514 
 4446000 0.0019288124 
 4447000 0.0019492694 
 4448000 0.0018329269 
 4449000 0.0018444425 
 4450000 0.0020217037 
 4451000 0.0018942871 
 4452000 0.0019690164 
 4453000 0.0020544014 
 4454000 0.0019478964 
 4455000 0.0019820729 
 4456000 0.0018906998 
 4457000 0.0018310721 
 4458000  0.001885761 
 4459000 0.0018088166 
 4460000 0.0018273352 
 4461000 0.0018294347 
 4462000 0.0017790797 
 4463000 0.0017217521 
 4464000 0.0017733527 
 4465000 0.0017662995 
 4466000 0.0016705602 
 4467000 0.0015615552 
 4468000 0.0017633109 
 4469000 0.0017263508 
 4470000 0.0016881281 
 4471000 0.0017033525 
 4472000 0.0016964884 
 4473000 0.0016740309 
 4474000 0.0017840579 
 4475000 0.0016968975 
 4476000 0.0017587105 
 4477000 0.0019184695 
 4478000 0.0018028473 
 4479000 0.0017961912 
 4480000  0.001758837 
 4481000  0.001662471 
 4482000 0.0016514129 
 4483000 0.0016818549 
 4484000 0.0016374685 
 4485000 0.0016552337 
 4486000 0.0016608784 
 4487000 0.0017799757 
 4488000 0.0017789932 
 4489000 0.0017089092 
 4490000 0.0016708787 
 4491000 0.0018232487 
 4492000 0.0017597657 
 4493000 0.0018283116 
 4494000 0.0017638667 
 4495000 0.0017220236 
 4496000 0.0018251199 
 4497000 0.0018037834 
 4498000 0.0018438308 
 4499000 0.0018278092 
 4500000 0.0017808235 
 4501000 0.0019344246 
 4502000 0.0017561125 
 4503000 0.0018177409 
 4504000   0.00164386 
 4505000 0.0017117669 
 4506000 0.0017912841 
 4507000 0.0018649021 
 4508000 0.0017348625 
 4509000 0.0019006266 
 4510000 0.0017830852 
 4511000 0.0017349706 
 4512000 0.0017127215 
 4513000  0.001611133 
 4514000 0.0015518133 
 4515000 0.0014552688 
 4516000 0.0016582266 
 4517000 0.0016722506 
 4518000 0.0015213369 
 4519000 0.0015314892 
 4520000  0.001557055 
 4521000 0.0015833004 
 4522000 0.0015227658 
 4523000 0.0016185732 
 4524000 0.0015368715 
 4525000 0.0015626978 
 4526000  0.001364413 
 4527000 0.0015599475 
 4528000 0.0016211537 
 4529000 0.0014974421 
 4530000 0.0016717555 
 4531000 0.0016597762 
 4532000 0.0015042255 
 4533000 0.0015256274 
 4534000 0.0016292151 
 4535000 0.0015661896 
 4536000 0.0015068707 
 4537000 0.0014795305 
 4538000 0.0014535301 
 4539000 0.0014073869 
 4540000 0.0014148143 
 4541000 0.0015590319 
 4542000 0.0013690183 
 4543000 0.0014666547 
 4544000 0.0014442577 
 4545000 0.0013791755 
 4546000 0.0014212808 
 4547000 0.0014025461 
 4548000 0.0013660206 
 4549000 0.0013654555 
 4550000  0.001498443 
 4551000 0.0014481277 
 4552000 0.0014753323 
 4553000 0.0014971265 
 4554000 0.0013718374 
 4555000 0.0014176167 
 4556000 0.0013510272 
 4557000 0.0015164145 
 4558000 0.0014318909 
 4559000 0.0013914475 
 4560000 0.0014408667 
 4561000 0.0013279781 
 4562000 0.0012940995 
 4563000 0.0014718829 
 4564000 0.0013952765 
 4565000 0.0013931638 
 4566000  0.001594876 
 4567000 0.0014474152 
 4568000 0.0014522045 
 4569000 0.0013369246 
 4570000 0.0014781347 
 4571000  0.001414646 
 4572000  0.001373947 
 4573000 0.0014238314 
 4574000 0.0014930759 
 4575000 0.0014396716 
 4576000    0.0015657 
 4577000 0.0015874443 
 4578000  0.001433651 
 4579000 0.0015189419 
 4580000 0.0014099005 
 4581000 0.0014237987 
 4582000 0.0013011172 
 4583000 0.0013810042 
 4584000 0.0016123723 
 4585000 0.0014728527 
 4586000 0.0014010846 
 4587000 0.0015052082 
 4588000 0.0014205977 
 4589000 0.0014248359 
 4590000 0.0013563807 
 4591000 0.0014517211 
 4592000 0.0013666368 
 4593000 0.0013726944 
 4594000 0.0013450367 
 4595000 0.0012445116 
 4596000 0.0011535298 
 4597000 0.0012823379 
 4598000 0.0012588026 
 4599000 0.0012818874 
 4600000 0.0013514059 
 4601000 0.0013196773 
 4602000 0.0012455639 
 4603000 0.0014008833 
 4604000  0.001434014 
 4605000 0.0014510404 
 4606000 0.0015102761 
 4607000  0.001379686 
 4608000 0.0013958949 
 4609000 0.0014537744 
 4610000 0.0014221931 
 4611000 0.0013098263 
 4612000 0.0013440478 
 4613000 0.0013919633 
 4614000 0.0013938121 
 4615000 0.0014815354 
 4616000  0.001474389 
 4617000  0.001510373 
 4618000 0.0013637266 
 4619000 0.0014569535 
 4620000 0.0013505214 
 4621000 0.0013045514 
 4622000 0.0013676164 
 4623000 0.0013752733 
 4624000 0.0013067986 
 4625000 0.0013444951 
 4626000 0.0013692445 
 4627000 0.0013811818 
 4628000 0.0014738396 
 4629000 0.0014480776 
 4630000  0.001297482 
 4631000 0.0014256548 
 4632000 0.0012703502 
 4633000 0.0013495684 
 4634000 0.0013317073 
 4635000 0.0015202958 
 4636000 0.0014731528 
 4637000 0.0013213225 
 4638000 0.0011758828 
 4639000  0.001320786 
 4640000 0.0012695187 
 4641000 0.0011919034 
 4642000 0.0010816569 
 4643000 0.0010293738 
 4644000 0.0011362378 
 4645000 0.0011926248 
 4646000 0.0010915178 
 4647000 0.0013288157 
 4648000 0.0012548967 
 4649000 0.0012038074 
 4650000 0.0010383504 
 4651000 0.0011250168 
 4652000 0.0010765159 
 4653000  0.001181385 
 4654000 0.0011761814 
 4655000 0.0012082741 
 4656000 0.0012125174 
 4657000 0.0012963004 
 4658000 0.0012007398 
 4659000 0.0010992912 
 4660000 0.0011413533 
 4661000 0.0011199634 
 4662000 0.0012666487 
 4663000 0.0011698099 
 4664000 0.0013387913 
 4665000 0.0013261504 
 4666000 0.0012038566 
 4667000 0.0012565954 
 4668000 0.0011679784 
 4669000 0.0011655565 
 4670000 0.0012112742 
 4671000 0.0012485928 
 4672000 0.0012908757 
 4673000 0.0012149359 
 4674000 0.0013465767 
 4675000 0.0012058044 
 4676000 0.0012752522 
 4677000  0.001169342 
 4678000 0.0011203592 
 4679000 0.0010351625 
 4680000 0.0011532298 
 4681000 0.0012195322 
 4682000 0.0011818128 
 4683000 0.0012052943 
 4684000 0.0013252033 
 4685000 0.0012709907 
 4686000 0.0012366423 
 4687000 0.0012939677 
 4688000 0.0013644662 
 4689000 0.0011361908 
 4690000 0.0011769307 
 4691000 0.0011906776 
 4692000 0.0011886443 
 4693000 0.0012810066 
 4694000 0.0011507342 
 4695000 0.00099416606 
 4696000 0.0011923114 
 4697000 0.0012402984 
 4698000 0.0013241385 
 4699000 0.0012953223 
 4700000 0.0013731967 
 4701000 0.0014396306 
 4702000 0.0013074453 
 4703000 0.0011320381 
 4704000 0.0012450834 
 4705000 0.0014045516 
 4706000 0.0013045091 
 4707000 0.0013138396 
 4708000 0.0012553056 
 4709000 0.0012436535 
 4710000 0.0013798923 
 4711000 0.0012273236 
 4712000 0.0013186931 
 4713000 0.0012630027 
 4714000 0.0011673103 
 4715000 0.0013197059 
 4716000 0.0014089674 
 4717000 0.0011534373 
 4718000 0.0011651086 
 4719000 0.0012349358 
 4720000 0.0011087026 
 4721000 0.0011254652 
 4722000 0.0013119699 
 4723000 0.0012429216 
 4724000  0.001246735 
 4725000 0.0011476899 
 4726000 0.0010218296 
 4727000 0.0010540537 
 4728000 0.0012279881 
 4729000 0.0011839605 
 4730000 0.0013041333 
 4731000 0.0012878745 
 4732000 0.0012453572 
 4733000 0.0013404268 
 4734000 0.0013086146 
 4735000  0.001206475 
 4736000 0.0012419945 
 4737000 0.0011991398 
 4738000  0.001121331 
 4739000 0.0011842251 
 4740000 0.0012613771 
 4741000 0.0010818362 
 4742000 0.0011411791 
 4743000 0.0010777389 
 4744000 0.0012240697 
 4745000 0.0011713522 
 4746000  0.001185313 
 4747000 0.0012703004 
 4748000 0.0013842228 
 4749000 0.0014082129 
 4750000 0.0013785186 
 4751000 0.0013536146 
 4752000 0.0013009082 
 4753000 0.0012132892 
 4754000  0.001319435 
 4755000 0.0012896984 
 4756000 0.0011588755 
 4757000 0.0012360026 
 4758000 0.0012603468 
 4759000 0.0012218048 
 4760000 0.0012776992 
 4761000  0.001369929 
 4762000 0.0013710021 
 4763000 0.0012191199 
 4764000 0.0013157483 
 4765000 0.0013222273 
 4766000 0.0012652192 
 4767000 0.0013736246 
 4768000 0.0013592265 
 4769000 0.0014054292 
 4770000 0.0014478973 
 4771000  0.001444639 
 4772000 0.0011863303 
 4773000 0.0012770347 
 4774000  0.001432694 
 4775000  0.001347262 
 4776000 0.0013087066 
 4777000  0.001332618 
 4778000  0.001273986 
 4779000 0.0012358841 
 4780000 0.0013598084 
 4781000 0.0014629943 
 4782000 0.0014202453 
 4783000  0.001311489 
 4784000  0.001285335 
 4785000  0.001299288 
 4786000 0.0011947679 
 4787000 0.0012787101 
 4788000 0.0012111418 
 4789000 0.0013431981 
 4790000 0.0014056134 
 4791000 0.0013119418 
 4792000  0.001440552 
 4793000 0.0012026879 
 4794000 0.0013356377 
 4795000 0.0013039725 
 4796000 0.0012915457 
 4797000 0.0014245259 
 4798000 0.0013061235 
 4799000 0.0013098046 
 4800000 0.0014137118 
 4801000 0.0013955778 
 4802000 0.0014942969 
 4803000 0.0013271994 
 4804000  0.001399965 
 4805000 0.0014525456 
 4806000 0.0013679315 
 4807000 0.0013935929 
 4808000 0.0013745148 
 4809000 0.0014874677 
 4810000 0.0014408316 
 4811000 0.0013936641 
 4812000 0.0014501957 
 4813000 0.0012993601 
 4814000 0.0014704561 
 4815000 0.0014018862 
 4816000 0.0015220016 
 4817000 0.0014851727 
 4818000 0.0014405781 
 4819000 0.0013099381 
 4820000 0.0014840724 
 4821000 0.0015101481 
 4822000 0.0015701918 
 4823000 0.0014762188 
 4824000 0.0014011763 
 4825000 0.0014056125 
 4826000 0.0013375141 
 4827000 0.0013745188 
 4828000 0.0014959048 
 4829000 0.0013239275 
 4830000 0.0014872117 
 4831000 0.0014173697 
 4832000 0.0015010499 
 4833000  0.001429405 
 4834000 0.0013981939 
 4835000 0.0013128341 
 4836000 0.0014289088 
 4837000 0.0013770686 
 4838000 0.0012637779 
 4839000 0.0012850619 
 4840000  0.001414243 
 4841000 0.0013193452 
 4842000 0.0012992008 
 4843000 0.0012679624 
 4844000 0.0012589124 
 4845000 0.0012957453 
 4846000 0.0012788373 
 4847000 0.0011111298 
 4848000 0.0011272185 
 4849000 0.0012114402 
 4850000 0.0012666128 
 4851000 0.0012894282 
 4852000 0.0012083102 
 4853000  0.001343043 
 4854000 0.0012377329 
 4855000 0.0014247086 
 4856000 0.0014578904 
 4857000 0.0012248673 
 4858000 0.0012296567 
 4859000 0.0012807906 
 4860000 0.0012268173 
 4861000 0.0013037952 
 4862000 0.0012637756 
 4863000 0.0011933008 
 4864000 0.0012790924 
 4865000 0.0012437349 
 4866000 0.0012186096 
 4867000 0.0012593416 
 4868000 0.0012742922 
 4869000 0.0012740095 
 4870000 0.0012894958 
 4871000 0.0013152605 
 4872000 0.0011148469 
 4873000 0.00098889204 
 4874000 0.0011272357 
 4875000 0.0012412535 
 4876000 0.0010859424 
 4877000 0.0012153107 
 4878000 0.0012395589 
 4879000 0.0011687842 
 4880000  0.001143449 
 4881000 0.0011129987 
 4882000 0.0010599181 
 4883000 0.0010442092 
 4884000 0.0010363472 
 4885000 0.0011079419 
 4886000 0.0010307522 
 4887000  0.001118935 
 4888000 0.0012141702 
 4889000 0.0011577366 
 4890000 0.0013312096 
 4891000  0.001269291 
 4892000 0.0013083489 
 4893000 0.0012914849 
 4894000  0.001106032 
 4895000 0.0011285344 
 4896000 0.0011848684 
 4897000 0.0010614626 
 4898000 0.0010556072 
 4899000 0.0011088812 
 4900000 0.0011108501 
 4901000 0.0011702595 
 4902000 0.0010840519 
 4903000 0.0010054756 
 4904000 0.0010991624 
 4905000 0.0010509851 
 4906000 0.0010787485 
 4907000 0.0010245612 
 4908000 0.0010192706 
 4909000 0.0010162108 
 4910000 0.00092444517 
 4911000 0.0011174116 
 4912000 0.0010346699 
 4913000 0.0011087762 
 4914000 0.0010758706 
 4915000 0.0010246834 
 4916000 0.0010938689 
 4917000 0.0011343817 
 4918000   0.00108088 
 4919000 0.0010901401 
 4920000  0.001154337 
 4921000  0.001077699 
 4922000 0.0010951292 
 4923000 0.0010438652 
 4924000 0.0012367216 
 4925000 0.0010147151 
 4926000 0.0010328973 
 4927000 0.0011868154 
 4928000 0.0011606184 
 4929000 0.0012097211 
 4930000 0.0010523312 
 4931000 0.0010586889 
 4932000 0.0011099304 
 4933000 0.0010164983 
 4934000 0.0011085962 
 4935000 0.0012156993 
 4936000 0.0010227496 
 4937000 0.0010787863 
 4938000 0.0010224219 
 4939000 0.0010031351 
 4940000 0.0010765749 
 4941000 0.0010133639 
 4942000 0.0010743033 
 4943000 0.0010297575 
 4944000 0.0011571417 
 4945000 0.0011231031 
 4946000 0.00099856585 
 4947000 0.0010552774 
 4948000 0.00095587544 
 4949000 0.0010355795 
 4950000 0.00096281623 
 4951000 0.00089868884 
 4952000 0.00088517918 
 4953000 0.00098450105 
 4954000 0.00098161781 
 4955000 0.0009367953 
 4956000 0.00079106097 
 4957000 0.00095563251 
 4958000 0.00095893798 
 4959000 0.00099617699 
 4960000 0.0011470286 
 4961000 0.0010345556 
 4962000 0.0011446299 
 4963000 0.0010166427 
 4964000 0.0010032787 
 4965000 0.00096346936 
 4966000 0.0010312055 
 4967000 0.0011102862 
 4968000 0.00096274046 
 4969000 0.00095335099 
 4970000 0.00090105853 
 4971000 0.00095511107 
 4972000  0.001044408 
 4973000 0.00073809271 
 4974000 0.00082853959 
 4975000 0.00089359151 
 4976000 0.0010325643 
 4977000 0.00094364083 
 4978000 0.00091164864 
 4979000 0.00090942123 
 4980000 0.00074059341 
 4981000 0.0008298914 
 4982000 0.00085727814 
 4983000 0.00089782496 
 4984000 0.00087557438 
 4985000 0.00094968372 
 4986000 0.00088722912 
 4987000 0.00077566859 
 4988000 0.00074864391 
 4989000 0.00092728768 
 4990000 0.00084874976 
 4991000 0.00081839452 
 4992000 0.00089597748 
 4993000 0.00090234748 
 4994000 0.00077723501 
 4995000 0.00097439264 
 4996000 0.00086062585 
 4997000 0.00076380505 
 4998000 0.0008447521 
 4999000 0.00070432732 
 5000000 0.0007461368 
 5001000 0.00079591172 
 5002000 0.00075393278 
 5003000 0.00089801945 
 5004000 0.00081944895 
 5005000 0.00079971826 
 5006000 0.00081506304 
 5007000 0.00069926955 
 5008000 0.00088877093 
 5009000 0.00071206307 
 5010000 0.00072857315 
 5011000 0.00077288145 
 5012000 0.00066905206 
 5013000 0.00062679331 
 5014000 0.00063033378 
 5015000 0.00074608808 
 5016000 0.00083360466 
 5017000 0.00086849299 
 5018000 0.00071047718 
 5019000 0.00089451936 
 5020000 0.00091034777 
 5021000 0.00082913295 
 5022000 0.00073765143 
 5023000 0.00073627728 
 5024000 0.00074145428 
 5025000 0.0007121684 
 5026000 0.00071891375 
 5027000 0.00084403069 
 5028000 0.00075781759 
 5029000 0.0006766289 
 5030000 0.00088137838 
 5031000 0.00072243896 
 5032000 0.00075884408 
 5033000 0.00070127747 
 5034000 0.0007979208 
 5035000 0.00085697069 
 5036000 0.00089091028 
 5037000 0.00076744538 
 5038000 0.0009288991 
 5039000 0.00083570681 
 5040000 0.00094653846 
 5041000 0.00089788171 
 5042000 0.00084301741 
 5043000 0.00096857332 
 5044000 0.00088938804 
 5045000 0.00090608827 
 5046000 0.00087727873 
 5047000 0.0010643272 
 5048000 0.0010923011 
 5049000  0.001012148 
 5050000 0.00081410701 
 5051000 0.00088789064 
 5052000 0.0011913281 
 5053000 0.00094796666 
 5054000 0.0010730807 
 5055000 0.00090914879 
 5056000 0.0008643951 
 5057000 0.00098386774 
 5058000 0.0008407904 
 5059000 0.00095855033 
 5060000 0.00086718856 
 5061000 0.00088147776 
 5062000 0.0007456188 
 5063000 0.00093020982 
 5064000 0.00080516322 
 5065000 0.00075107894 
 5066000 0.00082442898 
 5067000 0.00080775358 
 5068000 0.00094433313 
 5069000 0.00084728793 
 5070000 0.00093712181 
 5071000 0.00094104005 
 5072000 0.0008259548 
 5073000 0.0010402514 
 5074000 0.00095450533 
 5075000 0.0010498708 
 5076000 0.00085548648 
 5077000 0.00084568161 
 5078000 0.00093310604 
 5079000 0.00088618605 
 5080000 0.00078106707 
 5081000 0.00076040891 
 5082000 0.00079186116 
 5083000 0.00078693554 
 5084000 0.00070152572 
 5085000 0.00077681783 
 5086000 0.00074986469 
 5087000 0.00071637721 
 5088000 0.00076106946 
 5089000 0.00074882566 
 5090000 0.00086656859 
 5091000 0.0008586915 
 5092000 0.00087347142 
 5093000 0.00080816705 
 5094000 0.00080063436 
 5095000 0.00091737179 
 5096000 0.00076021189 
 5097000 0.00077921571 
 5098000 0.0008446452 
 5099000    0.0007804 
 5100000 0.00081462733 
 5101000 0.00076304628 
 5102000 0.00073244247 
 5103000 0.00055837871 
 5104000 0.00078359769 
 5105000 0.00064141998 
 5106000 0.00082673681 
 5107000 0.00061459872 
 5108000 0.00060521146 
 5109000 0.00060117577 
 5110000 0.00067302638 
 5111000 0.0006622398 
 5112000 0.00066351027 
 5113000 0.00068441469 
 5114000 0.00067939314 
 5115000 0.00066408361 
 5116000 0.00059518436 
 5117000 0.00070050798 
 5118000 0.00072418029 
 5119000 0.00073248468 
 5120000 0.00078097537 
 5121000 0.00056321317 
 5122000 0.0006984665 
 5123000 0.00070536825 
 5124000 0.00082828476 
 5125000 0.00054742694 
 5126000 0.00069756565 
 5127000 0.00067316174 
 5128000 0.00062221329 
 5129000 0.0006854992 
 5130000 0.00072392737 
 5131000 0.00061181194 
 5132000 0.0006028207 
 5133000 0.00066524838 
 5134000 0.00067854361 
 5135000 0.00061972599 
 5136000 0.00060273756 
 5137000 0.00057701012 
 5138000 0.00066320033 
 5139000 0.00085918348 
 5140000 0.00063234005 
 5141000 0.00059091395 
 5142000 0.00051554975 
 5143000 0.00046002419 
 5144000 0.0005633127 
 5145000 0.00068883132 
 5146000 0.00053321097 
 5147000 0.00058762293 
 5148000 0.00054167326 
 5149000 0.00075372577 
 5150000 0.00065492553 
 5151000 0.00063901741 
 5152000 0.0005993696 
 5153000 0.00058770046 
 5154000 0.00073507527 
 5155000 0.00065027519 
 5156000 0.00049641533 
 5157000 0.00056249074 
 5158000 0.00067597996 
 5159000 0.00055445485 
 5160000 0.00055212213 
 5161000 0.00059258007 
 5162000 0.00063527709 
 5163000 0.00061569719 
 5164000 0.00055368862 
 5165000 0.00064807632 
 5166000 0.00050558827 
 5167000 0.00047637134 
 5168000 0.00056461003 
 5169000 0.00046241744 
 5170000 0.00058029038 
 5171000 0.00044105613 
 5172000 0.0005066483 
 5173000 0.00057301725 
 5174000 0.00071891303 
 5175000 0.00054355211 
 5176000 0.00056718203 
 5177000 0.00032376844 
 5178000 0.00038014733 
 5179000 0.0004130721 
 5180000 0.00058240112 
 5181000 0.00049884087 
 5182000 0.00062366694 
 5183000 0.00054477278 
 5184000 0.00045106126 
 5185000 0.00054213201 
 5186000 0.00051861725 
 5187000 0.00063902443 
 5188000 0.00050991819 
