5000000            0            0    321.52459 
 5001000 0.0013167389 -0.0013870409    268.52131 
 5002000 0.0015223324 -0.0015739321    266.21914 
 5003000 0.0018011422 -0.0017984249    266.52011 
 5004000 0.0021878263 -0.0022073003    267.91447 
 5005000 0.0023691762 -0.002380319    270.51567 
 5006000 0.0022025922 -0.0022446525    265.99738 
 5007000 0.0022429267 -0.0022387511     272.0937 
 5008000 0.0026112768 -0.0026131467    271.04983 
 5009000  0.002572134 -0.002609231    269.91884 
 5010000 0.0027729758 -0.0027895952    266.85192 
 5011000 0.0029809566 -0.0029635665    266.94172 
 5012000 0.0030003996 -0.0030617444    270.07629 
 5013000 0.0031726963 -0.0031770808    266.30096 
 5014000 0.0033055957 -0.0033342633    260.45829 
 5015000 0.0033555866 -0.0033864915    269.45546 
 5016000 0.0033104865 -0.003339623    263.21537 
 5017000 0.0033068142  -0.00333183     270.0572 
 5018000 0.0033781655 -0.0033943614    269.04442 
 5019000 0.0033291727 -0.0033302109    270.03566 
 5020000  0.003493578 -0.0035564501    268.68969 
 5021000 0.0034200819  -0.00345816    268.42119 
 5022000 0.0035209927 -0.0035510797    272.47314 
 5023000 0.0037026421 -0.0037359988    266.31133 
 5024000 0.0038446594 -0.0038811973    264.41568 
 5025000 0.0038521305 -0.0038921834    268.53167 
 5026000 0.0040127437 -0.0040398445    261.64811 
 5027000 0.0041568743 -0.0041903361     262.9452 
 5028000 0.0041784322 -0.0041902383    262.66334 
 5029000 0.0040925698 -0.0041299316    269.89034 
 5030000 0.0041254353 -0.0041810386    264.69855 
 5031000 0.0042610448 -0.0042906896    271.21871 
 5032000 0.0044289335 -0.0044707266    265.82349 
 5033000 0.0044371054 -0.0044472413    262.05758 
 5034000  0.004419842 -0.004460671    273.56247 
 5035000 0.0042995117 -0.0043064761    263.49677 
 5036000 0.0044649031 -0.0044781398    267.56229 
 5037000 0.0046445362 -0.0046538603    267.44683 
 5038000 0.0044964656 -0.0045015292    264.88818 
 5039000 0.0043979944 -0.0044267452    268.17893 
 5040000 0.0044871791 -0.0045133839    266.49822 
 5041000 0.0045691623 -0.0045931945    266.05449 
 5042000 0.0045491985 -0.0045504542    272.68547 
 5043000 0.0046424748 -0.004663749    270.01439 
 5044000 0.0047804705 -0.0047872527    265.03881 
 5045000 0.0047072234 -0.0047868363    266.03876 
 5046000  0.004807541 -0.004841028    268.11998 
 5047000 0.0047998688 -0.0048410582    268.11739 
 5048000 0.0047104121 -0.0047314966    263.48763 
 5049000 0.0049307605 -0.0049673816    268.78296 
 5050000 0.0047638391 -0.0048103073    266.17593 
 5051000 0.0047939926 -0.0048270119    263.50358 
 5052000  0.004876869 -0.0049373088    266.21095 
 5053000 0.0048703536 -0.0049227875    271.82881 
 5054000 0.0048162757 -0.0048220765    268.72211 
 5055000 0.0049907563 -0.0050235344    265.92059 
 5056000  0.004861657 -0.0049055279    268.32043 
 5057000 0.0049295889 -0.0049665074     261.7844 
 5058000 0.0049136457 -0.0049677768     262.0142 
 5059000 0.0047711457 -0.0048026081     268.8067 
 5060000 0.0050656518 -0.0051002549    271.96837 
 5061000 0.0047735821 -0.0048069165    267.61479 
 5062000 0.0050078553 -0.0050310066    264.31202 
 5063000 0.0049198785 -0.0049043773     267.5556 
 5064000 0.0050802673 -0.0050964262    258.51855 
 5065000 0.0053014983 -0.0053290181    267.67436 
 5066000 0.0053354045 -0.0053234259    260.44497 
 5067000 0.0052047322 -0.0052492221    268.77111 
 5068000 0.0052251242 -0.0052313475    269.51628 
 5069000 0.0051106308 -0.005153069    268.95921 
 5070000 0.0050687635 -0.0051066295    269.82985 
 5071000 0.0051277929 -0.0051533127    265.95911 
 5072000 0.0048995285 -0.0049498103    262.41281 
 5073000 0.0051576325 -0.0051685998    268.73259 
 5074000 0.0049726294 -0.0049863463    267.02595 
 5075000 0.0051509802   -0.0051758    269.59009 
 5076000 0.0050291632 -0.0050686093    265.72191 
 5077000 0.0051358782 -0.0051631433    265.61656 
 5078000 0.0050096899 -0.0050156009    269.19616 
 5079000 0.0051685035 -0.0051988188    263.17544 
 5080000 0.0052866964 -0.0052794464    267.61898 
 5081000 0.0052315847 -0.0052387949    264.90878 
 5082000 0.0052393982 -0.0052460917    270.54444 
 5083000 0.0050481696 -0.0050605878    262.87134 
 5084000 0.0051650253 -0.0051905343    267.74953 
 5085000  0.005302333 -0.005323238    265.55255 
 5086000 0.0052134067 -0.0052589816    266.10095 
 5087000 0.0052950763 -0.0052708614    266.35079 
 5088000  0.005323443 -0.0053171062    263.40629 
 5089000 0.0054741285 -0.0054765483    269.03378 
 5090000 0.0052282006 -0.0052928864     271.2296 
 5091000 0.0053862064 -0.0054202445    269.43563 
 5092000 0.0053738876 -0.0054128665    264.40398 
 5093000 0.0054062049 -0.0054109741    270.35149 
 5094000 0.0054215426 -0.005453649    268.62565 
 5095000 0.0053575446 -0.0053883154    265.93092 
 5096000 0.0053924838 -0.0054128617    264.00225 
 5097000  0.005443307 -0.0054692565    273.25952 
 5098000 0.0053333094 -0.0053376447    265.38459 
 5099000 0.0054605244 -0.005447131    272.53121 
 5100000 0.0054040469 -0.0054630899    264.62531 
 5101000 0.0054209138 -0.0054045201    268.10463 
 5102000 0.0055076988 -0.005556932    266.87031 
 5103000 0.0053800334 -0.0053995298    265.34173 
 5104000 0.0053603812 -0.0053759752    265.43808 
 5105000 0.0052766767 -0.0053065369    265.40604 
 5106000 0.0054325921 -0.0054880534    270.12869 
 5107000 0.0054949886 -0.0055160422    264.84067 
 5108000 0.0055956275 -0.0056056863    266.79822 
 5109000 0.0057229234 -0.0057219625    264.99805 
 5110000 0.0056928724 -0.0057389769    267.30661 
 5111000 0.0055697838 -0.0056392054    271.43949 
 5112000 0.0055767804 -0.0056176055    265.26152 
 5113000 0.0056440874 -0.0056679844    266.52218 
 5114000 0.0055535771 -0.0055722279     266.2954 
 5115000 0.0055815927 -0.0056041919    267.33572 
 5116000 0.0054843607 -0.0055037899    273.54822 
 5117000 0.0054325637 -0.0054731717    266.42545 
 5118000 0.0055307747 -0.0055752539    267.78562 
 5119000 0.0054753067 -0.005505126     271.2189 
 5120000 0.0055553698 -0.0055628311    265.00111 
 5121000 0.0054257549 -0.0054653124     269.4886 
 5122000 0.0055676713 -0.0055795819    268.70178 
 5123000 0.0055408068 -0.0055706858    270.54725 
 5124000 0.0055058474 -0.0055231286    268.13429 
 5125000 0.0056450636 -0.0056769745    269.21177 
 5126000 0.0056772856 -0.0056731225    266.99446 
 5127000 0.0054832141 -0.005504019    269.82156 
 5128000 0.0055788951 -0.0055937229    271.65844 
 5129000 0.0056052596 -0.0056368861    265.52803 
 5130000 0.0055810947 -0.0055484751    267.17997 
 5131000 0.0055742059 -0.0055712629    269.53692 
 5132000 0.0057633303 -0.0057430751     266.1406 
 5133000 0.0057172746 -0.0057663981    260.75247 
 5134000 0.0056827646 -0.0056952914    268.34313 
 5135000 0.0057100797 -0.0057315882    267.99722 
 5136000 0.0057963532 -0.0057954558    268.96172 
 5137000 0.0055105333 -0.0055353751    266.35673 
 5138000 0.0056292694 -0.0056309684     267.7014 
 5139000 0.0055170268 -0.0055604512    271.25965 
 5140000 0.0055821088 -0.0055837217    267.62969 
 5141000 0.0055715342 -0.0055751207     264.5227 
 5142000 0.0056074561 -0.0056351929    267.49373 
 5143000 0.0055973749 -0.0055709963    261.60626 
 5144000 0.0051666364 -0.0051825528    268.41458 
 5145000 0.0054179653 -0.0054033885    270.32789 
 5146000 0.0054877579 -0.0054695787    270.55118 
 5147000 0.0055943482 -0.0055983259    264.39309 
 5148000 0.0056554387 -0.0056324217    267.09309 
 5149000 0.0056516548 -0.0056478047    271.88475 
 5150000 0.0056762538 -0.005675874    266.15844 
 5151000 0.0057810125 -0.0057681291    270.07152 
 5152000 0.0056799101 -0.0056598325    267.33721 
 5153000 0.0058913381 -0.0058940643    265.73208 
 5154000 0.0058188329 -0.0057898239    272.79456 
 5155000 0.0056820322 -0.0056671751    266.90796 
 5156000 0.0059696381 -0.0059817941    265.88369 
 5157000 0.0058672334 -0.0058531061     268.8225 
 5158000 0.0059913256 -0.0059771697    269.82658 
 5159000 0.0060388419 -0.0060443708    263.07688 
 5160000 0.0059883229 -0.0059723574    271.47812 
 5161000  0.006067616 -0.006084214    270.06863 
 5162000  0.006085896 -0.006092245    264.64858 
 5163000 0.0059348584 -0.0059529691    266.66144 
 5164000 0.0059524861 -0.0059922454    269.20774 
 5165000 0.0058722796 -0.0058577204     267.1806 
 5166000 0.0058482523 -0.0058776852    268.31639 
 5167000 0.0058767171 -0.0058793999    263.31278 
 5168000 0.0058983703 -0.0058986262    269.83378 
 5169000 0.0059322935 -0.0059263908    270.38823 
 5170000 0.0060814477 -0.0061269454    266.41388 
 5171000 0.0059421286 -0.0059492408    268.00007 
 5172000 0.0061766397 -0.0061881374    265.09964 
 5173000 0.0059885567 -0.0059727913      270.017 
 5174000 0.0060546407 -0.0060380703    267.79019 
 5175000 0.0062020025 -0.006185562    269.68275 
 5176000 0.0061339313 -0.0060898685    261.51537 
 5177000 0.0062331978 -0.0062354015    272.33885 
 5178000 0.0062492286 -0.0062502117    265.49363 
 5179000 0.0063401909 -0.0063485989    268.08398 
 5180000 0.0062353501 -0.0062260112    265.03612 
 5181000 0.0060852096 -0.0060900999    270.24997 
 5182000 0.0059332008 -0.0059174262    270.44114 
 5183000 0.0059934768 -0.0060133211    266.02386 
 5184000 0.0062341789 -0.0062644824    264.69893 
 5185000 0.0062068979 -0.0061680862    267.41552 
 5186000 0.0061631315 -0.0061824033    267.07184 
 5187000 0.0061679358 -0.0061929313    267.43941 
 5188000 0.0062607231 -0.0062609112    269.23993 
 5189000 0.0063163612 -0.0063411287    267.41235 
 5190000  0.006425147 -0.0064289847    264.03185 
 5191000 0.0062462546 -0.0062669686    269.91636 
 5192000 0.0063853723 -0.0063489586     270.4087 
 5193000 0.0063626467 -0.0063730979    268.68213 
 5194000 0.0063036208 -0.0063236193    267.55706 
 5195000 0.0062846087 -0.0062915026    265.22733 
 5196000 0.0063357828 -0.0063372178    271.40456 
 5197000  0.006360297 -0.0063517231    267.57862 
 5198000 0.0064001247 -0.0064278373    276.58252 
 5199000 0.0063408316 -0.0063635876    268.80496 
 5200000 0.0064248941 -0.0064511259    269.26639 
 5201000 0.0064382661 -0.0064489933    268.04112 
 5202000  0.006309506 -0.0063093906    266.45072 
 5203000 0.0063534037 -0.0063866732     270.1729 
 5204000  0.006404762 -0.0064375525    269.54101 
 5205000 0.0063755022 -0.0063696763    267.68877 
 5206000 0.0063264724 -0.0063204359    266.30901 
 5207000 0.0063135829 -0.0063174718     269.6431 
 5208000  0.006321598 -0.0063502193    262.27852 
 5209000  0.006369875 -0.0063922784     263.4309 
 5210000 0.0063574172 -0.0064123141    270.92019 
 5211000 0.0062407566 -0.0062638169    271.71634 
 5212000 0.0064887706 -0.0065323601    267.88359 
 5213000 0.0063783242 -0.0063864795    266.83932 
 5214000 0.0065580551 -0.0065877625    264.66601 
 5215000 0.0065958794 -0.0065839315    268.18478 
 5216000 0.0065875464 -0.0065824532    268.04614 
 5217000 0.0064356299 -0.0064275531    264.29723 
 5218000 0.0064884163 -0.0064902099    271.43555 
 5219000 0.0064862371 -0.006537549    263.14709 
 5220000 0.0064460452 -0.0064703676    270.15731 
 5221000 0.0064886733 -0.0064984849    269.57168 
 5222000 0.0065129371 -0.0065461677    266.35913 
 5223000 0.0064992088 -0.0065300525    268.90884 
 5224000 0.0064842521  -0.00649837     266.7312 
 5225000 0.0064913257 -0.0065228916    262.40572 
 5226000 0.0066245535 -0.0066327732    270.08403 
 5227000 0.0064639129  -0.00651421    270.44567 
 5228000 0.0066604985 -0.0066947161    270.01238 
 5229000 0.0067364552 -0.0067834295    265.41284 
 5230000 0.0066981972 -0.0067140256    266.99755 
 5231000 0.0065422363 -0.0065478313    270.88623 
 5232000 0.0067382909 -0.0067780668    263.26929 
 5233000 0.0066556213 -0.0066676148    270.02882 
 5234000 0.0066481735 -0.0066590069    272.62712 
 5235000 0.0066796237 -0.006723167    270.83105 
 5236000 0.0066781004 -0.006704005    268.20155 
 5237000 0.0068474593 -0.0068938051    268.92128 
 5238000 0.0068018691 -0.0068333809    267.07938 
 5239000 0.0067022874 -0.0067242031    269.32979 
 5240000 0.0068768955 -0.0068568119    267.19634 
 5241000 0.0067984019 -0.0068454867     266.3519 
 5242000 0.0066744567 -0.0066554222    265.55414 
 5243000 0.0066306047 -0.0066598871    267.65189 
 5244000 0.0066196883 -0.0066509589    270.19817 
 5245000 0.0068188684 -0.0068608905     270.2211 
 5246000 0.0066871223 -0.006711687    272.04071 
 5247000  0.006825144 -0.0068229539    265.28791 
 5248000 0.0068860232 -0.0069014773     266.5637 
 5249000 0.0069355467 -0.0069515055    264.02344 
 5250000 0.0069896992 -0.007036091    269.46387 
 5251000 0.0068517915 -0.0068692168    264.78524 
 5252000  0.007153129 -0.0071911119    270.56249 
 5253000 0.0069626244 -0.0069873787    265.36573 
 5254000 0.0071135897 -0.0071528905    262.57424 
 5255000 0.0070095093 -0.0070326148    268.49799 
 5256000 0.0070129653 -0.0070491139     270.0934 
 5257000 0.0069388591 -0.006908047    267.29261 
 5258000 0.0069662007 -0.0069683714      272.149 
 5259000 0.0068791787 -0.0068909767    267.50916 
 5260000 0.0069191352 -0.0069396152    269.38461 
 5261000 0.0068253904 -0.006853428    263.28121 
 5262000 0.0069127111 -0.0069074213     269.3709 
 5263000 0.0068503663 -0.0068785948     266.1403 
 5264000  0.006811624 -0.0068177319     266.3706 
 5265000 0.0069898625 -0.0069932708    269.96423 
 5266000 0.0067754855 -0.0067789508    266.15801 
 5267000 0.0068616337 -0.0068660123     265.5601 
 5268000 0.0066368951 -0.0066168212    269.50997 
 5269000 0.0069774465 -0.0069787091    264.63491 
 5270000 0.0070413296 -0.0070349256    268.07837 
 5271000 0.0070626016 -0.0070630765    267.84133 
 5272000 0.0069948756 -0.0069824674    269.24486 
 5273000 0.0071497351 -0.0071537153    269.93623 
 5274000 0.0070685235 -0.0070709943    271.20438 
 5275000 0.0070872458 -0.0071228753    269.72399 
 5276000 0.0070092122 -0.0070108115    269.17762 
 5277000 0.0070600582 -0.0071022157    271.06094 
 5278000 0.0070925642 -0.0071174699    267.41007 
 5279000 0.0071106793 -0.0071328585    268.50397 
 5280000 0.0071311611 -0.0071351213    267.62395 
 5281000 0.0070286083 -0.0070266898    261.37772 
 5282000 0.0069795483 -0.0069667732     269.1728 
 5283000 0.0069007657 -0.0068767112    265.45625 
 5284000 0.0069381066 -0.0069442304    268.36299 
 5285000   0.00702718 -0.0070575608    267.35407 
 5286000 0.0069853903 -0.0069863294    270.22255 
 5287000 0.0070591215 -0.007064717    266.28094 
 5288000 0.0071214958 -0.0071068365    268.53125 
 5289000 0.0070444515 -0.0070499167    265.15173 
 5290000 0.0068892024 -0.0069163676    264.90408 
 5291000 0.0069364224 -0.0069945988    265.18559 
 5292000 0.0068657646 -0.0068933779    270.10719 
 5293000 0.0069279034 -0.0069573479    266.60473 
 5294000 0.0069652173 -0.0069858653    268.90176 
 5295000 0.0069327115 -0.0069568291    269.55491 
 5296000 0.0070126969 -0.007031672    268.31544 
 5297000 0.0068960281 -0.0069228415    274.77353 
 5298000  0.006919502 -0.0069280482    266.34796 
 5299000 0.0070639002 -0.007051091    268.78986 
 5300000 0.0071546426 -0.0071866972    270.61382 
 5301000 0.0071145984 -0.0071460758    260.61526 
 5302000 0.0069218775 -0.006959854    269.35522 
 5303000 0.0070057301 -0.006994162    268.84928 
 5304000 0.0069554716 -0.0069349705    267.25949 
 5305000 0.0069969138 -0.0070464354     267.7914 
 5306000 0.0068651341 -0.0068722705     271.0769 
 5307000 0.0070929444 -0.007114203    268.58366 
 5308000 0.0071176609 -0.0071574035    266.61748 
 5309000 0.0069916412 -0.0069978522    263.54966 
 5310000 0.0072044189 -0.0071938587     266.2471 
 5311000 0.0071020209 -0.0071011775    265.75162 
 5312000 0.0071239224 -0.0071673557    269.85081 
 5313000 0.0072363335 -0.0073046973    271.71895 
 5314000 0.0072664324 -0.0073018313    271.64378 
 5315000 0.0072640467 -0.0072952173     270.9694 
 5316000 0.0072790752 -0.0073070151    262.61677 
 5317000 0.0073434862 -0.007368177    267.57759 
 5318000 0.0072957741 -0.0073146845    266.31803 
 5319000 0.0071788147 -0.0071807235    269.49713 
 5320000 0.0072759282 -0.0072894729    263.02461 
 5321000 0.0071345022 -0.0071612356    268.06581 
 5322000  0.007058426 -0.0070810917    267.17117 
 5323000 0.0071764875 -0.0071694817     265.9845 
 5324000 0.0070028601 -0.0070371369      266.524 
 5325000 0.0071105053 -0.0071310824    270.18761 
 5326000 0.0070072609 -0.0070532055    263.74652 
 5327000 0.0070665503 -0.0070507597    268.60727 
 5328000 0.0070800653 -0.0070822563    266.16614 
 5329000 0.0071358949 -0.0071537776      265.393 
 5330000 0.0070271531 -0.0070356087    267.10016 
 5331000 0.0069800479 -0.0069829803    264.88562 
 5332000 0.0069642686 -0.0069645033    268.37837 
 5333000 0.0068546033 -0.0068715136    268.07967 
 5334000 0.0069333881 -0.0069911025    267.39752 
 5335000 0.0071505465 -0.0071639109    262.07418 
 5336000 0.0070638643 -0.0071404726    270.41122 
 5337000 0.0068143236 -0.0068122611     272.8485 
 5338000  0.007029627 -0.0070312806     271.2559 
 5339000 0.0070117956 -0.0070434134    264.82074 
 5340000 0.0070335914 -0.007074966    271.35436 
 5341000 0.0070107657 -0.0070423795     266.6979 
 5342000 0.0069466926 -0.0069561697    272.04304 
 5343000  0.007035762 -0.0070363113    269.69162 
 5344000  0.007157746 -0.0072020745    268.27965 
 5345000 0.0069693916 -0.0070162498    263.54205 
 5346000 0.0070636231 -0.0070820223    271.67876 
 5347000  0.007069701 -0.0071004294    266.25089 
 5348000   0.00712681 -0.0071110265    271.81538 
 5349000 0.0071794009 -0.0071973421    270.38277 
 5350000 0.0069799001 -0.0069947422    270.74642 
 5351000 0.0071169834 -0.0071695212    262.18114 
 5352000 0.0072119135 -0.0072500021    272.20564 
 5353000 0.0070696314 -0.0070791705    265.48662 
 5354000 0.0070578783 -0.0071006511      264.778 
 5355000 0.0070736743 -0.0070856719    264.06901 
 5356000 0.0072446442 -0.0072756093    266.53739 
 5357000 0.0071520777 -0.0071491999    268.60411 
 5358000 0.0072224077 -0.0072322502    266.08528 
 5359000 0.0071153005 -0.0070988068    269.38635 
 5360000 0.0070128939 -0.0070106766    272.24301 
 5361000  0.007139212 -0.0071506302     265.4625 
 5362000 0.0070968336 -0.0071264265    266.65875 
 5363000 0.0072059519 -0.0071950139    264.72569 
 5364000 0.0071142416 -0.0070902109    262.73684 
 5365000 0.0070090017 -0.0070355029    266.47044 
 5366000 0.0072426858 -0.0072903716    264.79629 
 5367000 0.0072020654 -0.0072195847    271.73133 
 5368000 0.0071870232 -0.0072161135    269.33572 
 5369000 0.0071100755  -0.00718585    271.72759 
 5370000 0.0073518331 -0.0073718486     264.9365 
 5371000 0.0072288772 -0.0072141923    267.69687 
 5372000 0.0071040114 -0.0071181336    263.39167 
 5373000 0.0071570516 -0.0071848962    264.46795 
 5374000 0.0072346755 -0.0072563009    269.56558 
 5375000 0.0072746309 -0.0072760553    270.45122 
 5376000  0.007262281 -0.0072884521     268.7499 
 5377000 0.0072977636 -0.0073276369    268.51326 
 5378000 0.0074176399 -0.0074404845    266.48564 
 5379000 0.0072706388 -0.0073103458     270.9409 
 5380000 0.0071225639 -0.0071799027    265.05285 
 5381000 0.0070774643 -0.0070859134    271.89245 
 5382000 0.0070576696 -0.0071021693    272.94048 
 5383000 0.0070690721 -0.0071011448    263.25775 
 5384000 0.0070635106 -0.0070936863    268.23199 
 5385000 0.0071487125 -0.0071476629    268.20913 
 5386000 0.0069902734 -0.0070327187    267.35378 
 5387000 0.0071596322 -0.0071955141    272.09186 
 5388000 0.0072859005 -0.0073045792     269.1778 
 5389000 0.0070716342 -0.007112338    266.43347 
 5390000 0.0072984655 -0.0072807293    271.84562 
 5391000 0.0071675341 -0.0071733636    264.14248 
 5392000 0.0070384168 -0.007061381    269.59161 
 5393000 0.0070950282 -0.0071234995    270.46743 
 5394000 0.0070702065 -0.0070817589    269.91503 
 5395000 0.0071869739 -0.0071962045    267.38955 
 5396000  0.007209805 -0.0072085339    261.69712 
 5397000 0.0072904125 -0.0073020263    266.64088 
 5398000 0.0070547066 -0.007051812    270.03886 
 5399000  0.007249568 -0.0072880765    266.64547 
 5400000 0.0071981407 -0.0072279661    263.28696 
 5401000  0.007117369 -0.0071337913    269.21381 
 5402000 0.0071370395 -0.0071639805    273.35619 
 5403000 0.0071063629 -0.0071083779    268.41673 
 5404000 0.0071364451 -0.0071717575    265.66285 
 5405000 0.0070423475 -0.0070710453    268.97765 
 5406000 0.0072273959 -0.0072630206    268.60628 
 5407000 0.0071626162 -0.0071910178    268.75081 
 5408000 0.0071236024 -0.0071310427    267.13755 
 5409000 0.0069600725 -0.0069746726    266.14212 
 5410000 0.0069815473 -0.0069866976     269.0665 
 5411000 0.0070459523 -0.0070613881    269.31631 
 5412000  0.007171912 -0.0071943272    269.11114 
 5413000 0.0071173297 -0.0071299593    271.67485 
 5414000 0.0070375732 -0.0070574636    269.88082 
 5415000 0.0070511317 -0.007081762    267.16266 
 5416000 0.0071369455 -0.0071282316     270.3065 
 5417000 0.0072062497 -0.0072429887    269.53296 
 5418000 0.0071825702 -0.0071877472    272.29422 
 5419000 0.0070392098 -0.0070351731    268.12607 
 5420000  0.007087964 -0.0071343553    263.32775 
 5421000 0.0069525128 -0.0069707709    266.90959 
 5422000 0.0070468437 -0.0070685382    272.92294 
 5423000  0.007258874 -0.0072442296    268.29758 
 5424000 0.0071584833 -0.0071796729    266.40597 
 5425000 0.0071925821 -0.0072126852    267.46679 
 5426000 0.0070650739 -0.0070695211     261.8754 
 5427000 0.0072253806 -0.0072509225    264.28302 
 5428000 0.0071648457 -0.0071157419    269.55909 
 5429000 0.0070276203 -0.007047942    268.56305 
 5430000 0.0071569597 -0.0071717463    265.80989 
 5431000 0.0072275327 -0.0072128021    269.73051 
 5432000 0.0072877035 -0.0072766545    266.71523 
 5433000 0.0072920136 -0.0073454876    264.99278 
 5434000 0.0072208643 -0.0072422226    268.22179 
 5435000 0.0072738516 -0.0072980166    270.32536 
 5436000 0.0072013748 -0.0071978994    262.56901 
 5437000 0.0072061617 -0.0072298306    267.36944 
 5438000 0.0072297453 -0.0072725677    268.26833 
 5439000 0.0069917861 -0.0069680623    268.01513 
 5440000 0.0069846082 -0.0069510749    270.13249 
 5441000 0.0071338907 -0.0071696279    264.80548 
 5442000 0.0070904217 -0.0070750869    269.31661 
 5443000 0.0070788804 -0.0070817382    269.50268 
 5444000 0.0069772337 -0.0069756962    269.01541 
 5445000 0.0069565104 -0.0069570449    270.05926 
 5446000 0.0071266305  -0.00715145    262.40081 
 5447000 0.0070014666 -0.0069967814    263.02897 
 5448000 0.0070057242 -0.0069932552    263.36452 
 5449000 0.0072199316 -0.0072403714     270.3352 
 5450000 0.0071059892 -0.0071081109    269.29337 
 5451000 0.0069610438 -0.0069723599    268.38775 
 5452000 0.0070286318 -0.0070370193    266.72507 
 5453000 0.0070846237 -0.0070853998    266.45302 
 5454000 0.0070032938 -0.0070055298    270.17694 
 5455000 0.0072012566 -0.0071946196    266.59209 
 5456000 0.0070755079 -0.007099754    261.17646 
 5457000 0.0070708743 -0.0070860642    267.92809 
 5458000 0.0070473982 -0.0070575746    264.13077 
 5459000 0.0070343722 -0.0070583694    274.50641 
 5460000 0.0071412935 -0.0071353101    267.68971 
 5461000 0.0070613411 -0.0070774734    263.71047 
 5462000 0.0070841337 -0.007070243    265.49284 
 5463000 0.0070309615 -0.0070290242    270.18795 
 5464000 0.0070884465 -0.0070966113    265.32823 
 5465000 0.0071360136 -0.0071203615    267.29684 
 5466000 0.0070650926 -0.007086497    270.82849 
 5467000 0.0071724201 -0.0072051174    275.97256 
 5468000 0.0071755329 -0.0071871392    266.59902 
 5469000 0.0070767032 -0.0070905359    266.32877 
 5470000 0.0072140123 -0.0072470138    267.34498 
 5471000 0.0071153582 -0.0071307598    267.78221 
 5472000 0.0071261143 -0.0071378842    270.63674 
 5473000 0.0072292816 -0.0072235263    271.78666 
 5474000  0.007240066 -0.0072161638    267.26748 
 5475000 0.0073034225 -0.0072968333     267.7361 
 5476000 0.0072842003 -0.0072827678    268.63069 
 5477000 0.0072943902 -0.0072905588    268.44988 
 5478000  0.007125866 -0.0071372508    265.34403 
 5479000 0.0071085496 -0.0070901108    265.85167 
 5480000 0.0070504165 -0.0070459874    266.33794 
 5481000 0.0070002116 -0.0069711157    270.21282 
 5482000 0.0070762361 -0.0070891904    266.14742 
 5483000  0.007097275 -0.0071282759     265.6504 
 5484000 0.0071056534 -0.0071325805    266.79272 
 5485000 0.0070693798 -0.0070723281    271.48647 
 5486000 0.0072097901 -0.0072286914    262.96348 
 5487000 0.0071657885 -0.0071730106    268.26689 
 5488000 0.0070252858 -0.0070460633     265.6608 
 5489000 0.0069988061 -0.0070048205    261.35635 
 5490000 0.0071934345 -0.0071865939    270.62441 
 5491000 0.0071951933 -0.0072168711     268.5283 
 5492000 0.0072602436 -0.0072674299    265.04652 
 5493000 0.0071898172 -0.0071833431    264.36515 
 5494000 0.0071096619 -0.0071237159    269.14225 
 5495000 0.0070101628 -0.0070423974    268.95481 
 5496000 0.0070231005 -0.0070492229     274.6144 
 5497000 0.0070740827 -0.0070999602    270.26732 
 5498000 0.0070743745 -0.0070818451    268.35474 
 5499000 0.0070427588 -0.0070360972    264.78604 
 5500000 0.0070562642 -0.0070767758    265.30105 
 5501000  0.007052869 -0.0070498914    265.36561 
 5502000 0.0070771116 -0.0070838958    267.55412 
 5503000 0.0071036326  -0.00709687    269.23227 
 5504000 0.0070248545 -0.0070249187    270.25538 
 5505000 0.0068981583 -0.006922352     272.9591 
 5506000  0.007057394 -0.0070484792    268.66413 
 5507000 0.0069860394 -0.0069752453    268.58028 
 5508000 0.0070058088 -0.0070174634    271.95548 
 5509000 0.0069946552 -0.0070007344     265.1732 
 5510000 0.0071100256 -0.0071602349    262.91643 
 5511000 0.0069422539 -0.0069464876    267.00476 
 5512000 0.0068395815 -0.0068569458    266.95513 
 5513000 0.0069133083 -0.0068838577    267.33082 
 5514000 0.0069970639 -0.007011043      262.511 
 5515000 0.0070355832 -0.0070548292    266.67794 
 5516000 0.0069480299 -0.0069492034     266.9978 
 5517000 0.0069724574 -0.0069838507    272.93557 
 5518000 0.0069956795 -0.0069871359    262.28285 
 5519000 0.0070990687 -0.0070853213    266.40354 
 5520000 0.0072571282 -0.0072911916    267.03899 
 5521000  0.007094232 -0.0070900416    265.49812 
 5522000  0.007042313 -0.0070394965    269.77804 
 5523000 0.0070046658 -0.0070110749    266.51297 
 5524000 0.0070385139 -0.0070455948    270.73201 
 5525000 0.0070057382 -0.0070344444    271.08371 
 5526000 0.0071257367 -0.0071068832    273.73308 
 5527000 0.0069466028 -0.0069421469    268.13976 
 5528000 0.0070048423 -0.0069616764     266.4334 
 5529000 0.0070846681 -0.0070919746    267.10554 
 5530000 0.0069123533 -0.0069153421    268.63351 
 5531000 0.0070102443 -0.0070202001    270.99141 
 5532000 0.0071027973 -0.007134008    265.69469 
 5533000 0.0070989879 -0.0070948445    270.55318 
 5534000 0.0071193922 -0.0071078786    271.89894 
 5535000 0.0070569485 -0.0070495083    271.21288 
 5536000  0.007036869 -0.0070450694    266.74782 
 5537000 0.0069614154 -0.0069634585    267.66189 
 5538000 0.0070515202 -0.0070574012    272.18505 
 5539000 0.0070675977 -0.0070967492    268.25033 
 5540000 0.0071756712 -0.0072059885    275.89525 
 5541000 0.0071450359 -0.0071457059    267.53892 
 5542000 0.0069372673 -0.0069241487    269.77538 
 5543000 0.0069841258 -0.0070130073    268.40675 
 5544000  0.006939464 -0.0069415803     270.0107 
 5545000 0.0069870342 -0.0070227699    265.52291 
 5546000 0.0068505382 -0.006841262    260.81445 
 5547000 0.0070370734 -0.007028263    265.40557 
 5548000 0.0071545494 -0.0071823408    270.29528 
 5549000 0.0070815525 -0.0070945618    261.96754 
 5550000 0.0072083171 -0.007239657    266.74007 
 5551000  0.007147574 -0.0071316896    267.21471 
 5552000 0.0071375396 -0.0071800857    267.42111 
 5553000 0.0071534045 -0.0071657004    266.63891 
 5554000 0.0073163497 -0.0073021622    273.22572 
 5555000 0.0071644807 -0.0071737636    268.09449 
 5556000 0.0073120479 -0.0073095657    269.92807 
 5557000 0.0072643616 -0.007269687    266.36347 
 5558000 0.0071987046 -0.0071635445    266.19543 
 5559000    0.0075714 -0.0075798743    266.07964 
 5560000 0.0076117749 -0.0076123794    270.70237 
 5561000  0.007472596 -0.0074600339     271.1641 
 5562000  0.007546533 -0.0075469573    272.98916 
 5563000 0.0073319826 -0.007348807    267.48349 
 5564000 0.0074669986 -0.0074836562    264.83478 
 5565000 0.0073554682 -0.0073490325    268.54373 
 5566000 0.0072827194 -0.0072730306    266.53361 
 5567000 0.0073205228 -0.0072911871    267.78864 
 5568000 0.0073718499  -0.00738207    265.69293 
 5569000 0.0074335268 -0.0074151945    264.02633 
 5570000  0.007371136 -0.007379126    269.25725 
 5571000 0.0073641507 -0.0073603986    267.70701 
 5572000 0.0076153531 -0.0076269422    268.13711 
 5573000 0.0074268679 -0.0074150218    266.14487 
 5574000 0.0075157481 -0.0075312299     266.2458 
 5575000 0.0075178175 -0.0075062406     268.2266 
 5576000 0.0075515552 -0.0076090472    265.16802 
 5577000 0.0074565815 -0.0074769126    266.75587 
 5578000  0.007418768 -0.0074388319    265.92386 
 5579000 0.0074077949 -0.0074244698    263.91988 
 5580000 0.0072736057 -0.0072743276    264.78828 
 5581000 0.0072828846 -0.0072903098    270.54932 
 5582000 0.0071372693 -0.0071843789    266.99228 
 5583000 0.0073115226 -0.0073028127    267.37299 
 5584000 0.0073271032 -0.0073573931    267.49687 
 5585000 0.0071642492 -0.0071695892    266.74381 
 5586000 0.0072203212 -0.0072462365    264.27947 
 5587000 0.0071926454 -0.0072108786    266.29433 
 5588000 0.0072154994 -0.0072130723    270.13402 
 5589000   0.00728464 -0.0072899779    269.80693 
 5590000 0.0071832135 -0.0071942058    267.41909 
 5591000 0.0072974087 -0.0073161092    269.94732 
 5592000 0.0072095375 -0.0072192202    265.65385 
 5593000 0.0073647741 -0.0073936389    271.78438 
 5594000 0.0072956198 -0.0073123637    265.52302 
 5595000 0.0072911008 -0.0072664969    272.02423 
 5596000 0.0072129515 -0.0071889266    265.91384 
 5597000 0.0073618737 -0.0073772044     270.7775 
 5598000   0.00738706 -0.0073895289    264.00363 
 5599000 0.0072342207 -0.0072736359    265.59806 
 5600000 0.0074096222 -0.0074193292    273.47509 
 5601000 0.0074028641 -0.0074122565    266.86424 
 5602000 0.0073361067 -0.0073348813    266.77837 
 5603000 0.0073682187 -0.0073793617     265.4689 
 5604000 0.0072742427 -0.0072866376    270.17915 
 5605000 0.0073606352 -0.0073336114    266.70929 
 5606000 0.0072541956 -0.007259322    269.19758 
 5607000 0.0072769276 -0.007259719    268.32762 
 5608000 0.0073796999 -0.007353573     272.0066 
 5609000 0.0073307259 -0.0073196235    267.42416 
 5610000 0.0073844862 -0.0073755116    268.67455 
 5611000 0.0072490408 -0.007243911    262.55921 
 5612000 0.0073287656 -0.0073307074    271.40608 
 5613000 0.0074331294 -0.0074160451    264.16455 
 5614000 0.0072034465 -0.0072486526    267.54993 
 5615000 0.0072459451 -0.0072565903    266.49862 
 5616000 0.0073908253 -0.0073794934    268.88844 
 5617000 0.0073377521 -0.0073384348    268.19022 
 5618000  0.007354722 -0.0073330008    269.32379 
 5619000 0.0073987974 -0.0073922709    267.36596 
 5620000 0.0073168791 -0.0073186175    264.85356 
 5621000 0.0072414575 -0.0072812229    266.03959 
 5622000  0.007292464 -0.0072800226    271.34902 
 5623000 0.0071906098 -0.0072086862    261.22116 
 5624000 0.0071695196 -0.0072101051    268.42401 
 5625000 0.0073560318 -0.0073983255    268.76327 
 5626000 0.0072173045 -0.0072373846    262.19651 
 5627000 0.0071794721 -0.0071842602    266.56664 
 5628000 0.0070691184 -0.0071049085    263.03642 
 5629000 0.0071823958 -0.007200007    269.21381 
 5630000 0.0071713961 -0.0071755515    267.11377 
 5631000 0.0071306511 -0.0071364884    264.23498 
 5632000 0.0070221527 -0.007021885    271.45002 
 5633000 0.0070255491 -0.0070446036    265.28433 
 5634000 0.0069403037 -0.0069584256    269.97326 
 5635000  0.006922187 -0.0069454938     264.6307 
 5636000 0.0068420594 -0.0068281204    267.65784 
 5637000 0.0071097489 -0.0071176183    267.61328 
 5638000 0.0070967427 -0.0071185659    267.10703 
 5639000 0.0071883678 -0.0071808359    267.74148 
 5640000 0.0071420166 -0.007138126    263.92826 
 5641000 0.0072669617 -0.0072707278    268.59483 
 5642000 0.0072165645 -0.0072357775    269.49926 
 5643000 0.0072181317 -0.0072495826    270.08791 
 5644000 0.0072131061 -0.0072473282    270.43644 
 5645000 0.0071455869 -0.0071343999    265.89105 
 5646000  0.006931853 -0.006956724    270.02021 
 5647000 0.0071088598 -0.0071146298    266.59335 
 5648000   0.00711061 -0.007124367    270.88652 
 5649000 0.0071579926 -0.0071756792    269.29393 
 5650000 0.0071954979 -0.0072148256     272.3706 
 5651000 0.0071031589 -0.0070889241    268.07107 
 5652000 0.0071601078 -0.0071817843    264.80565 
 5653000  0.006970845 -0.0069707525    263.85413 
 5654000 0.0070918706 -0.0071081219    272.91467 
 5655000 0.0071927832 -0.0071965307     273.1089 
 5656000 0.0070519572 -0.0070249221    266.51323 
 5657000 0.0071380248 -0.0071438363    266.36105 
 5658000 0.0070756362 -0.0070800206    266.82711 
 5659000 0.0073226649 -0.0073430318    262.10987 
 5660000 0.0072781334 -0.0072706189    269.55026 
 5661000 0.0073228192 -0.0073619321    269.15082 
 5662000 0.0074455772 -0.0074646416     267.6152 
 5663000 0.0073531579 -0.0074055214    269.57353 
 5664000 0.0071971662 -0.0072134035    272.81989 
 5665000 0.0072118273 -0.0072063784    265.37994 
 5666000 0.0071900855 -0.0072189436    267.41841 
 5667000 0.0071366786 -0.0071573001    267.23677 
 5668000 0.0072244971 -0.0072727427    268.47366 
 5669000 0.0070430382 -0.0070764009    268.49344 
 5670000 0.0071440811 -0.0071471946    266.75571 
 5671000 0.0072246461 -0.0072168263    271.81983 
 5672000 0.0071354817 -0.0071408954    264.05722 
 5673000 0.0072378754 -0.007262445    272.15181 
 5674000 0.0072321488 -0.0072380011    269.02946 
 5675000 0.0072022823 -0.0072344536    266.37346 
 5676000 0.0072680923 -0.0072619377    269.38697 
 5677000 0.0073021488 -0.0073203134    270.70243 
 5678000 0.0072643891 -0.0072551347    264.84935 
 5679000 0.0073276949 -0.0073285272    265.88136 
 5680000 0.0072909608 -0.0072703662    268.90504 
 5681000 0.0071436746 -0.0071700075    267.87476 
 5682000 0.0071916133 -0.0072271278    268.71512 
 5683000 0.0072148754 -0.0072350177    267.40343 
 5684000 0.0071563034 -0.0071557054    265.47862 
 5685000 0.0073704507 -0.0074109269     268.8737 
 5686000 0.0073143759 -0.0073094512    269.32544 
 5687000 0.0073775107 -0.0074286192    269.42133 
 5688000 0.0071450133 -0.0071687838    267.44574 
 5689000 0.0072777726 -0.0072704986    266.70826 
 5690000 0.0073243541 -0.007368611    266.72658 
 5691000 0.0072999398  -0.00732891    268.77392 
 5692000 0.0071691358 -0.0072013257    265.37546 
 5693000 0.0072107294 -0.0072457163    269.10576 
 5694000 0.0073139944 -0.0073346337    264.54058 
 5695000 0.0071082132 -0.0071296084    266.35909 
 5696000 0.0073531337 -0.0073684892     265.7999 
 5697000 0.0072486553 -0.0072758371    271.48685 
 5698000 0.0072830032 -0.0072966802    263.92053 
 5699000 0.0074468297 -0.0074814442    272.00921 
 5700000 0.0073931401 -0.0073633221    269.00909 
 5701000 0.0072821227 -0.0072885089    268.36413 
 5702000 0.0073033595 -0.0073402931    265.85721 
 5703000 0.0074022709 -0.0073989584    265.66534 
 5704000 0.0072688661 -0.0072961438    268.24792 
 5705000 0.0074929006 -0.0075205351    270.58558 
 5706000 0.0072347917 -0.0072793816    269.42389 
 5707000 0.0073391744 -0.0073592126    266.10175 
 5708000 0.0073979002 -0.0074399009    272.15411 
 5709000 0.0073951679 -0.0073988154    271.17341 
 5710000 0.0072261217 -0.0072521145     270.4163 
 5711000  0.007367467 -0.0073981312    271.31232 
 5712000 0.0074407779 -0.007484857    267.84856 
 5713000 0.0071465966 -0.0071344268    273.96082 
 5714000 0.0072858385 -0.0072737755    272.83917 
 5715000 0.0074465654 -0.0074485542     264.4112 
 5716000 0.0074383375 -0.0074401114    267.74753 
 5717000  0.007333842 -0.007341425    267.00848 
 5718000  0.007312715 -0.0073246881    265.65254 
 5719000 0.0072893347 -0.0072976379     267.8856 
 5720000 0.0073251015 -0.0073299014    268.98694 
 5721000 0.0074451697 -0.0074548808    269.62021 
 5722000 0.0074621281 -0.0074397656    269.84132 
 5723000 0.0073022184 -0.0072948003    269.77482 
 5724000 0.0073875174 -0.0073941979    268.88183 
 5725000 0.0073197481 -0.0073061489    268.25237 
 5726000 0.0072965803 -0.0073093982    265.54425 
 5727000 0.0071967485 -0.0071865952    264.28219 
 5728000 0.0071463496 -0.0071264497     267.7872 
 5729000 0.0073033604  -0.00731004    269.84259 
 5730000 0.0074284095 -0.0074491544    266.51816 
 5731000 0.0073946221 -0.0073948146    269.59631 
 5732000 0.0074279216 -0.0074250623    266.49583 
 5733000 0.0073887185 -0.0073994684    266.82312 
 5734000 0.0075122645 -0.0075201973    265.26503 
 5735000 0.0073607173 -0.0073578501    263.03423 
 5736000 0.0074168104 -0.0074249265    271.32994 
 5737000 0.0074033494 -0.0073836785    265.63044 
 5738000 0.0073016234 -0.0072873331    269.29343 
 5739000 0.0074574994 -0.0074694373    266.53298 
 5740000 0.0073309069 -0.0073504888    266.66355 
 5741000 0.0072619324 -0.0072532564     271.6059 
 5742000 0.0072828944 -0.0072995773    266.53522 
 5743000 0.0073238251 -0.0073338161    264.36141 
 5744000 0.0073407865 -0.0073713013    268.61594 
 5745000 0.0074610537 -0.0074457858    267.56912 
 5746000 0.0075125143 -0.0074974857    270.48261 
 5747000 0.0073220601 -0.0073345422    267.19206 
 5748000 0.0072589226 -0.0072752183    268.49135 
 5749000 0.0073159705 -0.0073307732    267.86683 
 5750000 0.0074487986 -0.0074734359    265.57615 
 5751000 0.0074655689 -0.0074995313    266.52945 
 5752000 0.0074096235 -0.0073869631    270.61531 
 5753000 0.0075377099 -0.0075704521    267.29233 
 5754000 0.0074014561 -0.0074196456    269.00685 
 5755000 0.0073821332 -0.0073675086    265.94897 
 5756000 0.0073592664 -0.0073649768    265.05288 
 5757000  0.007303557 -0.0073085028    269.51332 
 5758000  0.007250932 -0.0072771736    261.73255 
 5759000 0.0073594651 -0.0073594137    265.72613 
 5760000 0.0072863979 -0.0072751043    268.26531 
 5761000 0.0073245316 -0.0073548018    271.50391 
 5762000 0.0075216881 -0.0075696524    268.02901 
 5763000 0.0075922319 -0.0075927881    269.63402 
 5764000 0.0074337906 -0.007438543     270.9459 
 5765000 0.0074461327 -0.0074446014    267.70619 
 5766000 0.0074518235 -0.007416718    268.49779 
 5767000 0.0075667148 -0.0075774517     268.5489 
 5768000 0.0077000508 -0.0076892948    267.89594 
 5769000 0.0076900741 -0.007680956    267.84953 
 5770000 0.0076669357 -0.0076497556    267.80988 
 5771000 0.0075979353 -0.0076085081    270.61375 
 5772000 0.0076870438 -0.0077118119    267.03177 
 5773000 0.0076961317 -0.0076947591    273.63605 
 5774000 0.0075617866 -0.0076056256    270.57332 
 5775000 0.0076342946 -0.0076654944    269.49707 
 5776000 0.0077049378 -0.0077650731    268.86269 
 5777000 0.0076071107 -0.0076317151    269.97012 
 5778000 0.0076160364 -0.0076598264    264.21047 
 5779000 0.0077283063 -0.0077432128    269.65139 
 5780000 0.0078186742 -0.0078146365    269.62145 
 5781000 0.0075141633 -0.0075349867    269.95439 
 5782000 0.0076312725 -0.0076346364    270.14917 
 5783000 0.0075879515 -0.007585443    270.00736 
 5784000 0.0076204934 -0.0076206966    262.50627 
 5785000 0.0075732876 -0.0075612299    262.97233 
 5786000 0.0076598562 -0.0076459055    265.33355 
 5787000 0.0075734677 -0.0075933696    267.03687 
 5788000 0.0075965801 -0.0075749512    264.06913 
 5789000 0.0077330554 -0.0077263667    269.02821 
 5790000 0.0076687006 -0.007644074    270.31095 
 5791000 0.0075091116 -0.0074977161    266.80091 
 5792000 0.0074188782 -0.0074072804    270.40343 
 5793000  0.007622304 -0.0076149489    266.54746 
 5794000 0.0075918563 -0.0075884883     265.7333 
 5795000 0.0074826763 -0.0074743462    266.20659 
 5796000 0.0074764218 -0.0074878668    267.32181 
 5797000 0.0075335163 -0.0075297749    265.99529 
 5798000 0.0076619743 -0.0076148315    265.43397 
 5799000  0.007580785 -0.0075561336    265.56278 
 5800000 0.0074228133 -0.0074302192     269.5084 
 5801000 0.0075417636 -0.0075235948    265.63476 
 5802000 0.0075979212 -0.0075787392    270.37444 
 5803000 0.0075289431 -0.0075169196    268.65644 
 5804000 0.0074937324 -0.0074973649    261.49248 
 5805000 0.0075566055 -0.0075400447    267.39172 
 5806000 0.0075395808 -0.0075509762    269.64735 
 5807000 0.0076422262 -0.0075811122    266.30229 
 5808000 0.0077289316 -0.0077234352     271.6903 
 5809000 0.0076028031 -0.007601195     267.6404 
 5810000 0.0075336497 -0.0075222343    268.18852 
 5811000 0.0074918145 -0.007485729    263.96691 
 5812000 0.0075045435 -0.0075036746    267.64938 
 5813000 0.0075847029 -0.0075617168    264.94537 
 5814000 0.0076436374 -0.0076223863    265.94591 
 5815000 0.0076612002 -0.0076438163    274.02145 
 5816000 0.0077512624 -0.0077366308    263.80737 
 5817000 0.0075652487 -0.0075853476    272.78055 
 5818000 0.0075945912 -0.007578074    261.85406 
 5819000 0.0077560285 -0.0077683743    269.13235 
 5820000 0.0075812411 -0.0076056002    269.08658 
 5821000 0.0076340148 -0.0076291371    268.89665 
 5822000 0.0076330488 -0.0076548684    268.89108 
 5823000 0.0076748978 -0.0077000158    265.85276 
 5824000 0.0077063051 -0.0076984166    266.29344 
 5825000 0.0074360853 -0.0074300326    272.96489 
 5826000 0.0075670236 -0.0075682934    265.48902 
 5827000 0.0075111393 -0.0075235536    267.74531 
 5828000 0.0074770924 -0.007496615    265.67873 
 5829000 0.0076071856 -0.007617203    270.33612 
 5830000 0.0075153168 -0.0075524668    266.83635 
 5831000 0.0076075695 -0.0076366038      268.262 
 5832000 0.0076251678 -0.0076436438    266.66943 
 5833000 0.0076058946 -0.0076477069    266.33981 
 5834000 0.0075130736 -0.0075307355    271.24953 
 5835000 0.0074715449 -0.0074892069    269.56318 
 5836000 0.0074611609 -0.0074744614    266.51947 
 5837000 0.0075764669 -0.0075866107     272.5343 
 5838000 0.0076635289 -0.0076540335    264.90636 
 5839000 0.0075893034 -0.007609064     269.7707 
 5840000 0.0075990806 -0.0076012603    268.54105 
 5841000  0.007593262 -0.0075991234    269.31209 
 5842000 0.0076226206 -0.0076259456     270.6776 
 5843000 0.0075573029 -0.0076008703     269.9924 
 5844000  0.007627986 -0.0075951035    267.26517 
 5845000  0.007465612 -0.007489231    268.72618 
 5846000 0.0075503624 -0.0075082035    264.27023 
 5847000 0.0075744287 -0.0075763513    268.62512 
 5848000 0.0076128933 -0.0076181462    272.28893 
 5849000 0.0074322484 -0.0074269953    268.58139 
 5850000 0.0074611647 -0.0074933658    265.09332 
 5851000  0.007482455 -0.0074866844    269.72284 
 5852000 0.0075194661 -0.0075145327    274.67591 
 5853000 0.0076245945 -0.0076459728    266.61546 
 5854000 0.0074799067 -0.007470123    269.92304 
 5855000 0.0074532123 -0.0074633459     271.2256 
 5856000 0.0074644586 -0.0074678341    270.03106 
 5857000 0.0076147619 -0.0076304619    265.54894 
 5858000 0.0073064045 -0.0073179477    264.90236 
 5859000 0.0074768906 -0.0074868165    267.43803 
 5860000 0.0074530994 -0.007435946    264.46531 
 5861000 0.0073411995 -0.0073590107    270.33528 
 5862000 0.0071564616 -0.0071526613    267.70729 
 5863000 0.0072780487 -0.0072697163    266.08419 
 5864000  0.007187237 -0.007172584     267.3086 
 5865000 0.0072956886 -0.0073145409    264.81913 
 5866000 0.0073771538 -0.0073879437    271.66616 
 5867000  0.007366015 -0.0073787644    264.11156 
 5868000  0.007175523 -0.0071984787     269.1335 
 5869000 0.0071955184 -0.0072053209    270.49941 
 5870000 0.0069781933 -0.0070114904    269.05547 
 5871000 0.0071019344 -0.0071506232    266.33907 
 5872000 0.0070723746 -0.0071019003    265.49416 
 5873000 0.0072926938 -0.0072893709    269.16155 
 5874000 0.0073943121 -0.007414029    270.39659 
 5875000 0.0072355488 -0.007250873    266.95767 
 5876000 0.0073028505 -0.0073215651     264.5948 
 5877000 0.0073116981 -0.007310983    266.68962 
 5878000 0.0072098359 -0.0072045994    270.66214 
 5879000 0.0072928589 -0.0073111967     267.5739 
 5880000 0.0073246307 -0.0073097412    266.03831 
 5881000 0.0072206644 -0.0072241294    273.80626 
 5882000 0.0071881172 -0.0071813701    269.50375 
 5883000  0.007324666 -0.0073034082    266.71075 
 5884000 0.0071004052 -0.0071181436     267.4147 
 5885000 0.0071044116 -0.0071439264    264.50915 
 5886000 0.0072554541 -0.007249775    266.15499 
 5887000 0.0071915207 -0.007173001    271.24947 
 5888000 0.0072780977 -0.0072911699    270.71153 
 5889000 0.0072272855 -0.007225126    271.71354 
 5890000 0.0074068882 -0.0074257173    269.97304 
 5891000 0.0071673256 -0.0072181646    270.03077 
 5892000 0.0074476292 -0.0074783986     262.8699 
 5893000 0.0073828877 -0.0073937783     268.2443 
 5894000 0.0073388214 -0.0073323056    265.47694 
 5895000 0.0076094881 -0.007622898    268.38724 
 5896000  0.007337004 -0.0073636911    263.91185 
 5897000 0.0073833904 -0.0073694839    265.94958 
 5898000 0.0074271601 -0.0074180543    267.22486 
 5899000 0.0073687634 -0.0073473504    274.50896 
 5900000 0.0074393085 -0.0074280722    264.78166 
 5901000 0.0075138967 -0.0075042463    267.45118 
 5902000 0.0075490645 -0.0075581124    270.48356 
 5903000  0.007542575 -0.0075628889    262.71617 
 5904000 0.0074292107 -0.0074298544    261.79034 
 5905000 0.0075462297 -0.0075412617    271.21291 
 5906000  0.007548802 -0.0075538163    260.85139 
 5907000 0.0074475909 -0.0074319335    269.41579 
 5908000 0.0075701645 -0.0075507057     271.2659 
 5909000  0.007470063 -0.0074633514    265.33135 
 5910000 0.0075633506 -0.007529656    264.62106 
 5911000 0.0074801637 -0.0074715726    266.45892 
 5912000   0.00743761 -0.0074342421    269.82721 
 5913000 0.0075129041 -0.0075253105    271.47914 
 5914000 0.0076242936 -0.0076119483    266.46019 
 5915000 0.0076846079 -0.0076677107    268.69754 
 5916000 0.0075421694 -0.0075902233    272.50636 
 5917000 0.0074956598 -0.0075148843     271.5665 
 5918000 0.0075416711 -0.0075875234    269.89528 
 5919000 0.0076187886 -0.007620482      262.016 
 5920000 0.0076636612 -0.0077074841    269.96527 
 5921000 0.0075109272 -0.0075153251    263.73009 
 5922000 0.0075341475 -0.007525682    264.46044 
 5923000 0.0075420472 -0.007577179    269.03206 
 5924000 0.0074377747 -0.0074270625     266.2255 
 5925000 0.0074168337 -0.007453421    268.93315 
 5926000 0.0074751243 -0.0074936077    266.13898 
 5927000 0.0074380307 -0.0074302366    270.29401 
 5928000 0.0075132361 -0.0075083729     268.5072 
 5929000 0.0073300375 -0.0073421438    269.17902 
 5930000 0.0073209874 -0.0073200784    263.29171 
 5931000 0.0072781808 -0.0073002766    267.86868 
 5932000 0.0073673655 -0.0073690376    268.88052 
 5933000  0.007512821 -0.0075246316    265.05665 
 5934000 0.0073493308 -0.0073264153    266.62596 
 5935000  0.007195662 -0.0072043851    267.81506 
 5936000 0.0072047884 -0.0072004793    267.73555 
 5937000  0.007123635 -0.007117955     268.3447 
 5938000 0.0072088484 -0.0072111934    267.19439 
 5939000 0.0072328443 -0.0072048752    265.59724 
 5940000 0.0073432181 -0.0073032271    268.46496 
 5941000  0.007294785 -0.0072551381    266.75674 
 5942000 0.0073005107 -0.0072951212    274.04807 
 5943000 0.0073441864 -0.0073219781    272.39927 
 5944000 0.0072627006 -0.0072475798    261.25117 
 5945000 0.0071353818 -0.0071165249    265.01858 
 5946000  0.007239713 -0.0072382099    269.21276 
 5947000 0.0071627973 -0.0071704653    270.69637 
 5948000 0.0073033011 -0.0072802404    266.17434 
 5949000 0.0073492254 -0.0073301051    268.43533 
 5950000 0.0072815669 -0.007263136    270.63879 
 5951000 0.0073584601 -0.0073595014    270.65361 
 5952000 0.0072837173 -0.0072741042    266.98655 
 5953000 0.0072904387 -0.0072789778    265.27521 
 5954000 0.0073233047 -0.0073123727    267.75432 
 5955000 0.0073915386 -0.0073631373    265.77971 
 5956000 0.0072240346 -0.0072127153    265.56029 
 5957000 0.0074051054 -0.0073561328    269.33436 
 5958000 0.0072986093 -0.0072977002    270.40341 
 5959000 0.0072430261  -0.00727365    267.70815 
 5960000 0.0072267015 -0.0072214935    267.27277 
 5961000 0.0070899857 -0.007090509    270.36817 
 5962000 0.0072657985 -0.0072650227    264.50072 
 5963000 0.0072722034 -0.0072554212    265.65595 
 5964000 0.0074001312 -0.0074152062    269.52298 
 5965000 0.0073632929 -0.0073466261    268.96282 
 5966000 0.0072484306 -0.0072527115    269.19896 
 5967000 0.0072884504 -0.0072887075    267.38578 
 5968000 0.0072728215 -0.0072611992    265.85961 
 5969000 0.0073840357  -0.00740166    272.35518 
 5970000 0.0072179513 -0.0072195799    267.03346 
 5971000 0.0073249924 -0.0073468556    268.11743 
 5972000 0.0071901076 -0.0071992353    266.64291 
 5973000 0.0073367052 -0.0073563435    266.30758 
 5974000 0.0074111159 -0.0073913276    269.09638 
 5975000 0.0074220216 -0.007435963    272.73812 
 5976000  0.007439081 -0.0074829931    266.22771 
 5977000 0.0073661185 -0.0073975096    270.51427 
 5978000 0.0074165451 -0.0074663349     266.0341 
 5979000 0.0073617079 -0.0073452246    271.06498 
 5980000 0.0073160736 -0.0073161995    268.66542 
 5981000 0.0073907057 -0.007398041    273.09803 
 5982000 0.0073048989 -0.007313858    268.41458 
 5983000 0.0074155865 -0.0074209806    266.46646 
 5984000 0.0073776683 -0.0073943184    263.95575 
 5985000 0.0072521249 -0.0072245055    271.96739 
 5986000 0.0074283674 -0.0074222859    266.67239 
 5987000 0.0073390079 -0.0073172626    263.98507 
 5988000 0.0074767136 -0.0074722881    269.43279 
 5989000 0.0074903202 -0.0075049484    269.68546 
 5990000 0.0074778583 -0.0074940769    266.72924 
 5991000 0.0076127352 -0.0076226523    269.18152 
 5992000  0.007662174 -0.0076888124    267.96148 
 5993000 0.0075052427 -0.0075169106    264.10609 
 5994000 0.0075477683 -0.007565464    269.98315 
 5995000 0.0076261506 -0.0076339395    270.03439 
 5996000 0.0074835491 -0.0074931545    267.14947 
 5997000 0.0074333989 -0.0074603536     267.0855 
 5998000 0.0074106699 -0.0074362165    267.57294 
 5999000 0.0073270591 -0.0073675901    266.31602 
 6000000 0.0074975461 -0.0075298063    266.24296 
 6001000 0.0074471063 -0.0074806218    273.84227 
 6002000 0.0075495359 -0.0076018741      268.254 
 6003000 0.0075210133 -0.0075191264    261.92678 
 6004000 0.0074854814 -0.0075139078     265.8229 
 6005000 0.0074454424 -0.0074529736    268.57863 
 6006000 0.0075571683 -0.0075666813    269.91375 
 6007000 0.0074946138 -0.0075067896     271.5082 
 6008000 0.0074390548 -0.0074640633    266.94891 
 6009000 0.0073361641 -0.0073415802    266.75792 
 6010000  0.007372239 -0.0074124633    266.95463 
 6011000 0.0074349716 -0.0074332867    269.03549 
 6012000 0.0073531792 -0.0073930439    271.52927 
 6013000 0.0073840278 -0.0074124787    262.73361 
 6014000 0.0073254629 -0.0073462495    270.16406 
 6015000 0.0073859804 -0.007435767    266.55625 
 6016000 0.0073073677 -0.0073447322    263.52189 
 6017000 0.0075072493 -0.0074896798    269.69347 
 6018000 0.0074939556 -0.0075094619    271.54693 
 6019000 0.0074385853 -0.0074726554    263.67596 
 6020000 0.0074995115 -0.007504871     263.6288 
 6021000 0.0076010846 -0.0076369243    265.60767 
 6022000 0.0074741247 -0.0074652261    271.16786 
 6023000 0.0073202901 -0.0073308634    266.31635 
 6024000 0.0074015754 -0.0074050211    266.28559 
 6025000 0.0073915754 -0.0074275258     272.2575 
 6026000 0.0075847665 -0.0075832456    268.97419 
 6027000 0.0075490372 -0.0075499688     268.0098 
 6028000 0.0075525718 -0.0075643561    270.46976 
 6029000 0.0076053659 -0.0075925344    267.32911 
 6030000 0.0077439121 -0.0077671598    267.44048 
 6031000 0.0077370074 -0.0077364332    262.53728 
 6032000 0.0077540397 -0.0077546669    265.65547 
 6033000 0.0076628612 -0.0076894153     267.6452 
 6034000 0.0075627253 -0.0075449696    264.17467 
 6035000 0.0076375224 -0.0076510025    271.14772 
 6036000 0.0076284062 -0.0076472885    271.34546 
 6037000 0.0074964702 -0.0075130815    265.84886 
 6038000 0.0074590809 -0.007493881    271.74707 
 6039000 0.0075002848 -0.0074871253    269.27811 
 6040000 0.0075113761 -0.0075237624    275.45007 
 6041000 0.0073754385 -0.0073631481    269.44207 
 6042000 0.0073055368 -0.0072941899    260.44353 
 6043000 0.0073819425 -0.0074041014    271.61634 
 6044000  0.007495158 -0.0075161437    267.96416 
 6045000 0.0073922409 -0.007394906    268.67007 
 6046000 0.0074061095 -0.0074090715    269.40694 
 6047000 0.0074659212 -0.0074571315    269.72429 
 6048000 0.0074040424 -0.0073929555    269.29906 
 6049000 0.0072552946 -0.0072486971    265.95462 
 6050000 0.0073945438 -0.0073873342    271.03383 
 6051000 0.0073524057  -0.00733111    269.60856 
 6052000 0.0074309349 -0.0074516501    269.45596 
 6053000  0.007256567 -0.0072643323    273.92845 
 6054000 0.0073251002 -0.0073233431     267.8122 
 6055000 0.0073467283 -0.007351868    269.51462 
 6056000 0.0071870663 -0.0072157425    269.91034 
 6057000 0.0071445467 -0.0071398925    266.73536 
 6058000 0.0072217335 -0.0072221832    259.16002 
 6059000 0.0073666207 -0.0073714934    271.03405 
 6060000 0.0074112555 -0.0074489582    271.12451 
 6061000 0.0074118282 -0.0074202904    269.87208 
 6062000 0.0073083943 -0.0073063543     268.6384 
 6063000 0.0073349864 -0.0073534347    271.01045 
 6064000 0.0072526613 -0.0072555548    265.00884 
 6065000 0.0074045685 -0.0073904619    268.96455 
 6066000 0.0072541834 -0.0072245685    265.72945 
 6067000 0.0073273462 -0.0073296133    269.35407 
 6068000  0.007300552 -0.0073172112    265.69242 
 6069000 0.0073414298 -0.0073362224     266.3618 
 6070000 0.0073654382 -0.0073465763    259.74237 
 6071000 0.0075198331 -0.0075385604    271.80759 
 6072000 0.0075408663 -0.0075256981    260.54386 
 6073000 0.0073447239 -0.0073603105    270.65462 
 6074000 0.0074212846 -0.0074302689    270.96528 
 6075000 0.0072690214 -0.0072603385     270.4131 
 6076000 0.0074294836 -0.0074381399    275.10124 
 6077000 0.0073816814 -0.007390709    269.72627 
 6078000 0.0073027521 -0.0072866316    268.56823 
 6079000 0.0073334725 -0.0073561769    261.82766 
 6080000 0.0075117866 -0.0075193029    266.06538 
 6081000 0.0074916923 -0.0075130633    267.07061 
 6082000 0.0074325291 -0.007417672    266.14244 
 6083000 0.0074712597 -0.0074945267     264.9614 
 6084000  0.007576661 -0.0075483199    271.11643 
 6085000 0.0075911995 -0.0076061797    267.75569 
 6086000 0.0076573736 -0.0076521272    267.40347 
 6087000 0.0076154667 -0.0076431031    267.15742 
 6088000 0.0075238409 -0.0075434084    268.88591 
 6089000 0.0074611303 -0.0075133513    265.33585 
 6090000 0.0075885522 -0.0076104343    271.17791 
 6091000 0.0074371115 -0.0074641731    262.32084 
 6092000 0.0074594693 -0.0074680889    268.88597 
 6093000 0.0075369797 -0.0075594033    265.39139 
 6094000 0.0074999567 -0.0074909503    265.21143 
 6095000 0.0074702558 -0.0074670967    269.11973 
 6096000 0.0077268174 -0.0077220596    265.78942 
 6097000 0.0075920193 -0.0076319465    270.05786 
 6098000  0.007578526 -0.0075821389    264.33819 
 6099000 0.0075067574 -0.007540276    268.78734 
 6100000 0.0075078925 -0.007503568    269.70429 
 6101000 0.0074122435 -0.0074080523    271.67185 
 6102000 0.0074772078 -0.0074337149    267.68484 
 6103000 0.0073550643 -0.0073530596    265.99144 
 6104000 0.0072869602 -0.0073064108    270.12852 
 6105000 0.0073633158 -0.0074209051    270.10299 
 6106000 0.0075483483 -0.0075589258    270.85331 
 6107000 0.0072886357  -0.00728633    269.40204 
 6108000 0.0073628467 -0.0073608695    268.22268 
 6109000  0.007382423 -0.0074032784    267.70842 
 6110000 0.0074607306 -0.0074678432    266.90256 
 6111000 0.0076058471 -0.0076492945    265.83968 
 6112000 0.0073992111 -0.0073891868    266.30603 
 6113000 0.0074301864 -0.0074746192     265.8969 
 6114000 0.0073556281 -0.0073761619    264.26443 
 6115000 0.0073996139 -0.0074254171    269.24667 
 6116000 0.0073912061 -0.0074209988     266.0088 
 6117000 0.0074677768 -0.0075157165    263.89833 
 6118000 0.0074703943 -0.0074890202    269.85682 
 6119000 0.0074217481 -0.007430915    269.54914 
 6120000 0.0074240742 -0.007466312    267.84184 
 6121000 0.0076644308 -0.0076729728    264.33937 
 6122000 0.0074299256 -0.0074461794    268.81492 
 6123000 0.0074694824 -0.007503631    267.84587 
 6124000  0.007326603 -0.0073529435    265.93973 
 6125000  0.007351133 -0.0073722944    262.06526 
 6126000 0.0074742375 -0.007539394    267.60055 
 6127000 0.0075500018 -0.0075656578     262.9419 
 6128000 0.0074438668 -0.0074686305    267.70321 
 6129000  0.007447235 -0.007459085    266.59079 
 6130000 0.0075179844 -0.0075232026    268.24298 
 6131000 0.0074639001 -0.0074795594    263.87243 
 6132000 0.0075245793 -0.007496108    264.35271 
 6133000 0.0076235464 -0.007672017     267.2831 
 6134000 0.0075273909 -0.0075373681    269.17359 
 6135000 0.0075286859 -0.0075464482     267.8761 
 6136000 0.0074419011 -0.0074440097    268.33241 
 6137000 0.0075164794 -0.007513827    273.53215 
 6138000 0.0075422605 -0.0075441571    269.68873 
 6139000 0.0074527414 -0.0074788105    269.48475 
 6140000  0.007404118 -0.0074044331    267.47635 
 6141000 0.0074124531 -0.0074216396    265.78206 
 6142000 0.0073966685 -0.0074211585    269.52471 
 6143000 0.0073818335 -0.0074103034    270.02908 
 6144000 0.0073411394 -0.0073678303    273.28436 
 6145000 0.0073094311 -0.0073403383    270.87188 
 6146000 0.0073574895 -0.0073925064    271.88836 
 6147000 0.0073517108 -0.0073542522    267.67814 
 6148000  0.007283703 -0.0073080598    261.83961 
 6149000 0.0073229689 -0.0073448164    273.19018 
 6150000  0.007445753 -0.0074728371    263.70833 
 6151000 0.0072863304 -0.0072796835    271.85906 
 6152000 0.0072892854 -0.0072867749    268.99525 
 6153000  0.007281694 -0.0073187432    267.22442 
 6154000 0.0072912498  -0.00729187    270.01553 
 6155000 0.0073423429 -0.0073729279    270.96012 
 6156000 0.0073551749 -0.0073485278     268.0347 
 6157000 0.0074596989 -0.0075250266    266.53465 
 6158000 0.0075263323 -0.0075481872     268.9372 
 6159000 0.0074884372 -0.0075016392    270.54019 
 6160000 0.0075228956 -0.0075285307    269.04095 
 6161000 0.0073171562 -0.0073261445     269.4357 
 6162000 0.0073951728 -0.0074207495    268.88476 
 6163000 0.0072808839 -0.007284246    264.43509 
 6164000 0.0074109362 -0.0074129825    268.37398 
 6165000 0.0076093843 -0.0076135094    264.56147 
 6166000 0.0074789797 -0.0075263687    274.89713 
 6167000 0.0074875734 -0.0075355668    268.37158 
 6168000 0.0074161034 -0.007411372    270.02904 
 6169000 0.0074073892 -0.0074475035    268.92934 
 6170000 0.0074229096 -0.0074576053    266.68408 
 6171000 0.0074114336 -0.0074278522    269.32677 
 6172000 0.0075665402 -0.007596949     266.7287 
 6173000 0.0073960217 -0.0074098592    266.90511 
 6174000 0.0076237867 -0.0076527844    266.48585 
 6175000 0.0074604186 -0.0074752602    266.78043 
 6176000 0.0073999738 -0.0074327418     264.7858 
 6177000 0.0075816869 -0.0076402914    265.66832 
 6178000 0.0076227369 -0.0076534651    271.08229 
 6179000 0.0076396304 -0.0077006083    268.97389 
 6180000 0.0076733069 -0.0077314866    265.17552 
 6181000 0.0078401243 -0.0078737513    273.55081 
 6182000 0.0077205814 -0.0077493542    266.12759 
 6183000 0.0078123464 -0.0078574825    264.91456 
 6184000 0.0078215828 -0.0078578416    270.40847 
 6185000 0.0077804711 -0.0078237751    267.34055 
 6186000 0.0078923948 -0.0079298333    268.07396 
 6187000 0.0078042699 -0.0078379523    265.10008 
 6188000 0.0080576473 -0.0080808375    268.90692 
 6189000 0.0076840726 -0.0077123361    267.43138 
 6190000 0.0078664321 -0.0079055814    269.66528 
 6191000 0.0077897654 -0.0078406683    266.42223 
 6192000 0.0076650298 -0.0077213768    266.09142 
 6193000 0.0077408322 -0.0077689201    264.56335 
 6194000  0.007603973 -0.0076108018    264.69337 
 6195000 0.0077375978 -0.007795345    264.22951 
 6196000 0.0077659318 -0.0078162435    271.56348 
 6197000 0.0076111533 -0.0076554192    270.01027 
 6198000 0.0075696818 -0.0075709846    263.12751 
 6199000 0.0077846935 -0.0077830021    272.76593 
 6200000  0.007568508 -0.0076108455    268.68295 
 6201000 0.0075935237 -0.0076792117    268.26097 
 6202000 0.0075593973 -0.0075990008    267.99575 
 6203000 0.0076207888 -0.0076815769    266.67463 
 6204000 0.0077682564 -0.0078104704    272.14273 
 6205000 0.0075210364 -0.0075498407    265.37405 
 6206000 0.0074894713 -0.0074894363    267.15828 
 6207000 0.0076682873 -0.0076975953    272.00383 
 6208000 0.0077025841 -0.0077057795     265.5193 
 6209000 0.0075920083 -0.007610268    269.89637 
 6210000 0.0077816454 -0.0078003549    269.57534 
 6211000 0.0076123451 -0.0076395344    266.78465 
 6212000 0.0075293307 -0.0075779837    270.01979 
 6213000 0.0075010553 -0.0075535752    266.29833 
 6214000 0.0074700577 -0.0074844299    268.85378 
 6215000 0.0074329303 -0.0074639444    267.07602 
 6216000  0.007493079 -0.0075076245    263.32052 
 6217000 0.0075250774 -0.007581432    266.05532 
 6218000 0.0075156764 -0.0075032191    267.56726 
 6219000  0.007525303 -0.0075555292    266.31647 
 6220000 0.0075179739 -0.0075557136    269.82305 
 6221000 0.0073649577 -0.0073605099    266.49379 
 6222000 0.0074329607 -0.0074418224    274.94259 
 6223000 0.0072584463 -0.0072437528    270.16128 
 6224000 0.0075283814 -0.0075250326    265.86852 
 6225000 0.0075205071 -0.0075280858    268.65851 
 6226000 0.0076104044 -0.0076290603     265.5972 
 6227000 0.0077296282 -0.0077538453    270.79532 
 6228000 0.0076836693 -0.0077333511    269.73439 
 6229000 0.0076255739 -0.0076398008     264.7447 
 6230000 0.0077116479 -0.0077520735    267.76753 
 6231000 0.0075789092 -0.0075991143    265.30445 
 6232000 0.0074225175 -0.0074278236    266.79668 
 6233000 0.0075482584 -0.0075428771    271.68607 
 6234000 0.0074470844 -0.0075023734    266.31362 
 6235000 0.0075545169 -0.0076059956    265.71595 
 6236000 0.0073335903 -0.0073725088    265.48231 
 6237000 0.0075039048 -0.0075213437    272.12353 
 6238000 0.0075128472 -0.0075274438    270.45892 
 6239000 0.0075473002 -0.0075688971    265.96244 
 6240000 0.0076869765 -0.0077187057    267.52277 
 6241000 0.0075482371  -0.00759474    267.49956 
 6242000  0.007440689 -0.0074878358    272.46782 
 6243000 0.0074698576 -0.0074672708    270.19296 
 6244000 0.0075513582 -0.0075823224     267.6606 
 6245000  0.007552411 -0.0075945567    269.40331 
 6246000 0.0075835844 -0.0076225771    270.87464 
 6247000 0.0076168994 -0.0076208072    265.35159 
 6248000 0.0077084265 -0.0077276191    268.14016 
 6249000 0.0075530036 -0.0075690817    271.71788 
 6250000 0.0075905335 -0.0076254392    270.90687 
 6251000 0.0074119892 -0.0074469925    264.80937 
 6252000 0.0074213438 -0.0074352344    268.35301 
 6253000 0.0074715102 -0.0075006568    265.60443 
 6254000 0.0074991595 -0.0075279377     263.6478 
 6255000 0.0075722221 -0.0076108143     269.2601 
 6256000 0.0074004236 -0.0074332012    262.80758 
 6257000 0.0073748093 -0.0073594512    266.62171 
 6258000  0.007539214 -0.0075496543    267.05757 
 6259000 0.0074809911 -0.0075109948    264.03975 
 6260000 0.0076110522 -0.0076401505    270.27004 
 6261000 0.0074445182 -0.0074782834    263.60262 
 6262000 0.0073330259 -0.0073742906    264.63014 
 6263000  0.007303282 -0.0073258151    270.88795 
 6264000 0.0073912907 -0.0074464722    270.33242 
 6265000 0.0073114076 -0.0073146436    266.38469 
 6266000 0.0072839949 -0.0073119969    269.02599 
 6267000 0.0074792431 -0.0074767774    268.11596 
 6268000 0.0075165917 -0.0075352084    262.07222 
 6269000 0.0074111733 -0.0073929636    267.37022 
 6270000 0.0072289424 -0.0072235394    269.25789 
 6271000 0.0072052891 -0.0072465416    267.56418 
 6272000 0.0073421029 -0.0073369349    268.85201 
 6273000 0.0072887631 -0.007294647    268.25823 
 6274000 0.0072613703 -0.0072489251    268.23307 
 6275000  0.007198797 -0.0071950618     271.1296 
 6276000 0.0074115515 -0.0073943513    267.59989 
 6277000 0.0074094317 -0.0074361618    271.00831 
 6278000 0.0076170536 -0.0076279169    268.96774 
 6279000 0.0075361771 -0.0075486589    269.61898 
 6280000 0.0074379083 -0.0074654728    264.30464 
 6281000 0.0075225229 -0.0075519162    260.80201 
 6282000 0.0074408683 -0.0074241231    264.56673 
 6283000 0.0074459539 -0.0074175527    270.52203 
 6284000 0.0076500858 -0.0076557619    263.81226 
 6285000 0.0077448962 -0.0077539753    267.72843 
 6286000 0.0076107287 -0.0076374424     271.5946 
 6287000  0.007667511 -0.0076644413    269.80254 
 6288000 0.0075143337 -0.0075484317    268.86859 
 6289000 0.0074686487 -0.0074564313    268.85725 
 6290000 0.0075539448 -0.0075754612    271.54257 
 6291000 0.0076018855 -0.0076163168    262.19429 
 6292000 0.0076325269 -0.0076459094    265.76571 
 6293000  0.007635643 -0.0076961244    267.70915 
 6294000 0.0076142514 -0.0076692489    269.98626 
 6295000 0.0077105126 -0.0076914867    264.53814 
 6296000 0.0076638087 -0.0076676444    266.01956 
 6297000  0.007618884 -0.0076091903    266.44959 
 6298000 0.0076637223 -0.0076798137    264.46786 
 6299000 0.0074899469 -0.0075189902    267.22803 
 6300000 0.0074381116 -0.0074518922    263.18311 
 6301000 0.0074975059 -0.007506758    263.93787 
 6302000 0.0074949888 -0.0075002997    268.74674 
 6303000 0.0074422877 -0.0074302916    267.63307 
 6304000 0.0073820037 -0.0073642943    276.99721 
 6305000 0.0074443744   -0.0074167    268.82654 
 6306000 0.0073060262 -0.0073324241    267.32026 
 6307000  0.007422477 -0.0074600038    267.03125 
 6308000 0.0073089081 -0.0073195866    269.25672 
 6309000 0.0074071662 -0.0074165015    267.90247 
 6310000 0.0073351658 -0.0073442391    264.18945 
 6311000  0.007477204 -0.0074958889    271.61338 
 6312000   0.00745571 -0.0075065667     266.6068 
 6313000  0.007189823 -0.0072053397     263.1793 
 6314000  0.007208575 -0.0072321049    268.66159 
 6315000  0.007155013 -0.0071580021    268.02679 
 6316000  0.007213273 -0.0072392391    269.35917 
 6317000 0.0071503887 -0.0071325488     264.7231 
 6318000 0.0072958432 -0.0072790297    269.34835 
 6319000 0.0072476986 -0.0072559412    263.74034 
 6320000 0.0073299163 -0.0073648779    265.35731 
 6321000 0.0072441598 -0.0072273517    263.94479 
 6322000 0.0072369472 -0.0072305609    268.71246 
 6323000  0.007283017 -0.0072941816     271.6227 
 6324000 0.0073468489 -0.0073031836    268.55591 
 6325000 0.0073947596 -0.0074299107    266.00954 
 6326000 0.0073690753 -0.0073822998    265.04159 
 6327000 0.0073263273 -0.0073462149    273.23524 
 6328000 0.0072716104 -0.007285338    262.18222 
 6329000  0.007286589 -0.0072883039     265.2991 
 6330000 0.0074184064 -0.007402558    270.30726 
 6331000 0.0073142885 -0.007320782    268.27743 
 6332000 0.0073744132 -0.0073979122     267.5184 
 6333000 0.0072055257 -0.0072271418    270.38511 
 6334000  0.007367999 -0.0073628685    265.40767 
 6335000 0.0071628193 -0.007205319    271.39865 
 6336000 0.0072263663 -0.0072714521    265.40167 
 6337000 0.0071207526 -0.0071578335    266.93555 
 6338000 0.0071622636 -0.007175107    269.07415 
 6339000 0.0072481943 -0.0072750294    266.24831 
 6340000 0.0071206814 -0.0071298455    268.25793 
 6341000 0.0072019439 -0.0072179552    271.96915 
 6342000 0.0070656756 -0.0070759729    268.14355 
 6343000 0.0070109504 -0.0070516587    269.70714 
 6344000 0.0071505551 -0.0072013413    269.22143 
 6345000 0.0071459003 -0.0071755301    270.43847 
 6346000 0.0072377679 -0.0072828983    267.97806 
 6347000 0.0070257317 -0.0070784584    261.73348 
 6348000 0.0070639562 -0.0070831519    268.81402 
 6349000 0.0070318106 -0.0070684638    276.09036 
 6350000  0.007063943 -0.0070983482    267.99688 
 6351000 0.0070710518 -0.0071078696    269.11161 
 6352000 0.0070710124 -0.0070883478    263.73954 
 6353000 0.0072063972 -0.0072501645    267.61389 
 6354000 0.0072638029 -0.0073045071    270.13916 
 6355000 0.0072452171 -0.0072497644    267.71126 
 6356000 0.0072003098 -0.0072102188    263.04563 
 6357000 0.0072632727 -0.0072677204    267.03046 
 6358000 0.0072202969 -0.0072334607    267.13241 
 6359000 0.0073122626 -0.0073393949    272.04272 
 6360000 0.0072650716 -0.0072981798    263.73272 
 6361000 0.0072688723 -0.0072940629    260.85703 
 6362000  0.007350321 -0.0073674937    269.32438 
 6363000 0.0073492728 -0.0073830535    273.57047 
 6364000 0.0073191846 -0.0073399821    270.67145 
 6365000 0.0074050285 -0.0074389991    262.78151 
 6366000 0.0075125864 -0.0075356266    270.24856 
 6367000 0.0074864944 -0.0075022713    261.50996 
 6368000 0.0075073369 -0.0075054241    269.10059 
 6369000 0.0075863327 -0.0076253879     264.6914 
 6370000 0.0075691234 -0.0076035623     263.1253 
 6371000 0.0076377819 -0.0076429958    271.56217 
 6372000 0.0075854845 -0.007619203    262.91235 
 6373000 0.0075137993 -0.0075202895    265.34287 
 6374000 0.0075561446 -0.0075549324    269.04572 
 6375000 0.0076621149 -0.007712609    266.55552 
 6376000 0.0076553163 -0.0076931277    265.21154 
 6377000 0.0075844535 -0.0075757991    267.87954 
 6378000 0.0074693184 -0.0074977832    263.89898 
 6379000 0.0075057628 -0.007505696    267.76794 
 6380000  0.007469121 -0.0074832734    272.32909 
 6381000 0.0074639717 -0.0074533995    268.80596 
 6382000 0.0074889223 -0.0075241852    268.69735 
 6383000 0.0073857722 -0.007388478    265.17524 
 6384000 0.0073381334 -0.0073924036    266.18127 
 6385000 0.0074926837 -0.0075148232    267.34237 
 6386000  0.007393853 -0.0074362902    265.50451 
 6387000 0.0075081231 -0.0075514423    270.04262 
 6388000 0.0074030137 -0.0074194704    267.28357 
 6389000 0.0075257243 -0.0075585588    269.10266 
 6390000 0.0074550508 -0.0074953051    263.73712 
 6391000 0.0075383297 -0.0075519487    262.67936 
 6392000 0.0073500766 -0.0073768061    264.48709 
 6393000 0.0074336962 -0.0074683567    266.76289 
 6394000 0.0072665823 -0.0072851327    271.45247 
 6395000 0.0073305475 -0.0073540941    266.29369 
 6396000 0.0072506856 -0.0072860484    266.84442 
 6397000 0.0074380839 -0.0074737635    264.24094 
 6398000 0.0072370181 -0.0072559348    266.95352 
 6399000 0.0072416982 -0.0072559161    269.79341 
 6400000 0.0072902888 -0.0073072445    264.21547 
 6401000  0.007364183 -0.0074024197      264.103 
 6402000 0.0074950944 -0.0075069548    265.26722 
 6403000 0.0073348054 -0.0073469208    270.31054 
 6404000 0.0072639877 -0.0072835366     270.2597 
 6405000 0.0073814391 -0.0073921068    272.25003 
 6406000 0.0075721719 -0.0076289909    267.93099 
 6407000 0.0074219967 -0.0074438121     266.0629 
 6408000 0.0073672585 -0.0073739879    266.52613 
 6409000 0.0074231467 -0.0074722641    263.15049 
 6410000 0.0075946376 -0.0076134632    272.05806 
 6411000 0.0074593132 -0.0074686954    268.03129 
 6412000 0.0074086918 -0.0074294899    264.04808 
 6413000 0.0073399934 -0.0073691335    267.13573 
 6414000 0.0073417354 -0.0073762465    263.39292 
 6415000 0.0072597185 -0.0073039401    266.44961 
 6416000   0.00741805 -0.0074702078    267.67257 
 6417000 0.0074083302 -0.0074382167    267.53508 
 6418000 0.0074639751 -0.0075070712    269.80532 
 6419000 0.0074496239 -0.0074253831    267.62434 
 6420000 0.0074898393 -0.0074967037    269.57244 
 6421000 0.0074709325 -0.0074900329    265.16047 
 6422000 0.0074301954 -0.0074776278    271.12062 
 6423000 0.0072569344 -0.0072804668    269.57615 
 6424000 0.0072706808 -0.0072877183    267.39651 
 6425000 0.0074407378 -0.0074468662    270.84867 
 6426000 0.0073881447 -0.0074288508    266.54076 
 6427000 0.0072190277 -0.0072602108    267.78863 
 6428000 0.0074098172 -0.0074314895    267.21726 
 6429000 0.0073922592 -0.0074296503    267.07497 
 6430000 0.0072964574 -0.0073298129    262.03949 
 6431000 0.0072313359 -0.0072813143    267.97891 
 6432000  0.007097487 -0.0071079348    271.91563 
 6433000 0.0073739313 -0.0074136957     269.5713 
 6434000  0.007425433 -0.0074356258    266.88107 
 6435000 0.0074528491 -0.0074878308    268.11564 
 6436000 0.0075268708 -0.0075660172    263.53943 
 6437000 0.0074096282 -0.0074638497    270.99815 
 6438000 0.0073841467 -0.0074355586    268.34224 
 6439000 0.0073865716 -0.007403455    267.78385 
 6440000 0.0074446647 -0.0074753686     272.6673 
 6441000 0.0073610688 -0.0074075418     267.0142 
 6442000 0.0073120179 -0.0073305147     270.9764 
 6443000 0.0072279048 -0.0072699273    267.53772 
 6444000 0.0074221117 -0.0074873237     268.2604 
 6445000 0.0074964165 -0.0075318204     263.1786 
 6446000 0.0072684179 -0.0072781499    271.19165 
 6447000 0.0073332465 -0.0073512007    263.60549 
 6448000 0.0073572316 -0.0073606526    263.96671 
 6449000 0.0073513341 -0.0073628225    270.84459 
 6450000 0.0074416205 -0.0074537151    274.11468 
 6451000 0.0072074801 -0.007217151    269.30286 
 6452000 0.0073985203 -0.0074248047    269.33968 
 6453000 0.0073799108 -0.0073650088    268.24317 
 6454000  0.007324088 -0.0073469549    263.70278 
 6455000 0.0074021958 -0.0073956342    266.69221 
 6456000 0.0074299681 -0.0074641188    268.17539 
 6457000 0.0075430338 -0.0075662996     267.2048 
 6458000 0.0074054638 -0.0074788407    266.71053 
 6459000 0.0074321003 -0.0074387063    271.37464 
 6460000 0.0075384315 -0.0075466219     266.0362 
 6461000  0.007381621 -0.0073787153     265.0261 
 6462000 0.0072759914 -0.007328416    265.36895 
 6463000 0.0072365902 -0.0072523032    268.62015 
 6464000 0.0074980418 -0.0075315722    265.93257 
 6465000 0.0072863405 -0.0073054704    265.17262 
 6466000 0.0071721009 -0.0071835991    264.91583 
 6467000  0.007310851 -0.007332591    267.99139 
 6468000 0.0073529654 -0.0073394698    266.74384 
 6469000 0.0072093834 -0.0072354652    268.13869 
 6470000 0.0073772362 -0.0073994753    266.84001 
 6471000  0.007306336 -0.0073359382    263.96247 
 6472000 0.0071664632 -0.0071950918    267.60569 
 6473000 0.0071770233 -0.0071993227    267.77327 
 6474000 0.0072364199 -0.0072682266    263.01094 
 6475000 0.0071527424 -0.0071449754    271.46062 
 6476000  0.007231425 -0.0072353999    269.89519 
 6477000 0.0071499323 -0.0071664495    263.76815 
 6478000 0.0072857084 -0.0073009822    261.81824 
 6479000 0.0074127835 -0.007460337    264.63378 
 6480000 0.0074358111 -0.0074896313    265.76665 
 6481000 0.0073521794 -0.0073749316    270.80089 
 6482000 0.0072783773 -0.0073102391    264.78262 
 6483000 0.0074054381 -0.0074527301    267.18212 
 6484000  0.007359366 -0.0074094797    265.60312 
 6485000 0.0074637234 -0.0074939316    267.87447 
 6486000  0.007443759 -0.0075056161    271.30068 
 6487000 0.0075759386 -0.0076066057    265.45772 
 6488000 0.0074052044 -0.0074158029    272.19362 
 6489000 0.0073692258 -0.0073940133    266.28051 
 6490000 0.0074281944   -0.0074558    268.80842 
 6491000 0.0071853424 -0.0072334329    269.02803 
 6492000 0.0072449591 -0.0072636924    267.91075 
 6493000 0.0073292583 -0.0073307242     271.5894 
 6494000 0.0072609511 -0.007290886     269.4636 
 6495000 0.0071599982 -0.007193513    266.05418 
 6496000 0.0071695239 -0.0072038591    268.48073 
 6497000 0.0071333592 -0.007170446    271.67675 
 6498000 0.0070954703 -0.0071315944    266.05494 
 6499000 0.0072452324 -0.007294263     265.5424 
 6500000 0.0071934977 -0.0071826187    265.38973 
 6501000 0.0073476948 -0.0073508507    265.50059 
 6502000 0.0073712886 -0.0074019005    265.14023 
 6503000 0.0072212682 -0.0072410227    268.26299 
 6504000  0.007331353 -0.007345471    268.25949 
 6505000 0.0071121794 -0.0071423771    265.95492 
 6506000 0.0070733061 -0.0071264136    261.78583 
 6507000 0.0070481581 -0.0070523344    264.11486 
 6508000  0.007134037 -0.0071519283    273.37934 
 6509000 0.0070576362 -0.0070858346    266.57196 
 6510000 0.0071256689 -0.007125864    272.98246 
 6511000 0.0070598324 -0.0070439719    271.97423 
 6512000 0.0071338726 -0.0071668105    265.29393 
 6513000  0.007158882 -0.0071736364    266.63125 
 6514000 0.0071526119 -0.0071500252    268.59346 
 6515000 0.0069957497 -0.0070218796    266.21402 
 6516000 0.0070928626 -0.0070995501    271.29279 
 6517000 0.0071379633 -0.0071833005    270.62128 
 6518000 0.0071292126 -0.0071401801    267.63046 
 6519000 0.0071429203 -0.0071644011    266.84041 
 6520000 0.0071520905 -0.0071745788    271.59357 
 6521000 0.0071110066 -0.0071249269     265.7402 
 6522000 0.0070547396 -0.0071064931    264.63727 
 6523000 0.0071087725 -0.0071362313    268.06111 
 6524000 0.0071625637 -0.0071704139    268.42058 
 6525000 0.0070832576 -0.0070958542    268.55637 
 6526000 0.0069194647 -0.0069306266    268.83056 
 6527000 0.0069849614 -0.0070331868    271.50305 
 6528000 0.0072614632 -0.0072725897    263.48424 
 6529000 0.0070787045 -0.0070958974     275.7308 
 6530000 0.0070791181 -0.0071121185    268.54221 
 6531000 0.0071882176 -0.0071851655    266.65392 
 6532000 0.0071469279 -0.0071501242    264.23708 
 6533000 0.0068696716 -0.0068966598    270.91094 
 6534000 0.0069850668 -0.006988417    268.53875 
 6535000 0.0069871898 -0.0070071151    270.58378 
 6536000    0.0069322 -0.0069813988    266.86973 
 6537000 0.0068642918 -0.0068853451    269.33509 
 6538000 0.0069927552 -0.0070207838    275.72586 
 6539000 0.0070777357 -0.0070841779    269.89214 
 6540000 0.0069454157 -0.0069659338    266.14292 
 6541000 0.0069586153 -0.0069872085    265.07253 
 6542000 0.0069824001 -0.0070192587    265.27149 
 6543000 0.0069779291 -0.0069686815    272.68503 
 6544000  0.006783409 -0.0068041646    263.68238 
 6545000 0.0069469279 -0.0069678732    267.24063 
 6546000 0.0070256518 -0.0070371122    265.36747 
 6547000 0.0069168423 -0.0069300763    266.92656 
 6548000  0.007076313 -0.007106882    267.63858 
 6549000 0.0070692774 -0.0070634262    266.27087 
 6550000 0.0071043375 -0.0071058551    264.71098 
 6551000  0.007084976 -0.0070972901    267.39152 
 6552000 0.0068816733 -0.0069459057    267.08634 
 6553000 0.0071236674 -0.0071784293    267.98992 
 6554000 0.0070269194 -0.0070575723    268.91095 
 6555000 0.0071977737 -0.0072313976    261.83187 
 6556000 0.0069660558 -0.0069931028    267.05007 
 6557000 0.0069857315 -0.0070384471    268.12405 
 6558000  0.007037669 -0.0070694782    265.18945 
 6559000 0.0069886986  -0.00702342    270.55176 
 6560000 0.0070373173 -0.007089642    266.14298 
 6561000 0.0071862117 -0.0072299169    271.82449 
 6562000 0.0070509802 -0.0070906381     266.2917 
 6563000 0.0069568717 -0.0070123475    265.75554 
 6564000 0.0069516942 -0.0069710873    267.77701 
 6565000 0.0071087285 -0.0071687447    263.45225 
 6566000 0.0072273882 -0.0072840967     270.1659 
 6567000 0.0070409968 -0.0070542449     265.7815 
 6568000 0.0069873027 -0.0070452455      268.196 
 6569000 0.0069429332 -0.0069917353    266.11203 
 6570000  0.007047125 -0.0070793383    266.02654 
 6571000  0.007093956 -0.0071102823    267.00441 
 6572000 0.0070716687 -0.0071491218    265.97627 
 6573000 0.0070465656 -0.0070828761    266.42104 
 6574000 0.0069678873 -0.0070164615    262.44417 
 6575000 0.0070807713 -0.0071130172    267.26963 
 6576000 0.0071188031 -0.0071486484    266.88895 
 6577000 0.0071362137 -0.0071594606    271.98269 
 6578000 0.0069637668 -0.0069912139    268.23056 
 6579000 0.0071520633 -0.0072094914     269.6602 
 6580000 0.0071846017 -0.0071934291    263.87341 
 6581000 0.0071894427 -0.0072058334    266.97195 
 6582000 0.0073255104 -0.0073471299    265.87343 
 6583000 0.0070757622 -0.0071194989    268.31568 
 6584000 0.0071735065 -0.0072077998    267.17575 
 6585000 0.0070764993 -0.0070860794    267.88248 
 6586000 0.0072785279 -0.0073118544    272.12499 
 6587000 0.0074285904 -0.0074743489    269.80305 
 6588000 0.0074666551 -0.0074806704    273.70676 
 6589000 0.0074329271 -0.0074507429      265.097 
 6590000 0.0072858415 -0.007319592    265.12775 
 6591000  0.007229028 -0.0072370616    272.60155 
 6592000 0.0071407272 -0.007138579    264.47159 
 6593000 0.0074102491 -0.0074224338    268.23695 
 6594000 0.0073885977 -0.0073937625    268.96455 
 6595000 0.0073717778 -0.0073716507    269.28152 
 6596000 0.0074008447 -0.0074289743    269.13174 
 6597000 0.0074868049 -0.0074945358     268.9565 
 6598000 0.0073577408 -0.0073641937     266.9255 
 6599000 0.0073474306 -0.0073667478    272.18591 
 6600000 0.0073840579 -0.0073999793     264.9217 
 6601000 0.0074514052 -0.0074462348    270.24752 
 6602000 0.0075276826 -0.0075384237    269.33712 
 6603000 0.0074354477 -0.0074444594    266.05131 
 6604000 0.0073994459 -0.0074128939    271.40467 
 6605000 0.0073646391 -0.0073410998    268.93864 
 6606000 0.0073332418  -0.00732835    263.01652 
 6607000 0.0073183073 -0.0073117668    265.80187 
 6608000 0.0072827139 -0.0072910383    266.37653 
 6609000 0.0073103555 -0.0073163664    269.93587 
 6610000 0.0071994215 -0.007202353    270.41197 
 6611000 0.0072606489 -0.0072785828    268.64183 
 6612000 0.0070804528 -0.0070609477    273.06491 
 6613000 0.0071684096 -0.0071827712    263.99689 
 6614000 0.0071546156 -0.0071406201    265.24722 
 6615000 0.0071513261 -0.0071483443    268.42832 
 6616000 0.0071159767 -0.0071163002    266.99942 
 6617000 0.0071407188 -0.0071564322    272.51642 
 6618000 0.0071179258 -0.007146914    266.93838 
 6619000 0.0070912912 -0.0071377608    266.09682 
 6620000 0.0072802819 -0.0073078893     274.1197 
 6621000 0.0070776085 -0.0071247765    269.28168 
 6622000  0.007246172 -0.0072439773    264.55109 
 6623000 0.0071972474 -0.0072274207    269.25533 
 6624000 0.0073356727 -0.0073321534    271.77891 
 6625000 0.0072357805 -0.0072619776    272.80167 
 6626000 0.0072580347 -0.0072850151    262.23141 
 6627000 0.0074546423 -0.0074754433    267.20787 
 6628000 0.0073134844 -0.0073484758    268.07922 
 6629000 0.0073547885 -0.0073494312    270.42902 
 6630000 0.0073190234 -0.0073020163    267.91109 
 6631000 0.0073945273 -0.0074330113    266.42453 
 6632000 0.0072671633 -0.0072801306    265.41868 
 6633000 0.0074877395 -0.0075146196    270.10849 
 6634000 0.0074291815 -0.0074359665    269.40244 
 6635000 0.0075339475 -0.0075958526    268.99368 
 6636000 0.0076167353 -0.0076405218    265.55041 
 6637000 0.0074442963 -0.007455608    266.38749 
 6638000 0.0074342243 -0.0074336582    263.79176 
 6639000 0.0074245091 -0.007449139    270.39646 
 6640000 0.0073082077 -0.0073386695    269.30444 
 6641000 0.0074288501 -0.0074360488    273.60278 
 6642000 0.0073302914 -0.0073262625    265.45374 
 6643000 0.0075009197 -0.0074775726    264.69034 
 6644000 0.0074861248 -0.0075002449    269.97296 
 6645000 0.0074087764 -0.0073772218    268.01417 
 6646000 0.0074655545 -0.0074910309    269.24217 
 6647000 0.0073058794 -0.0072981547    270.51662 
 6648000 0.0074387942 -0.007451434    262.52999 
 6649000 0.0072142965 -0.0072096259     268.9013 
 6650000 0.0071957614 -0.0072252759    269.16962 
 6651000 0.0074052389 -0.0074232128    268.53553 
 6652000 0.0074390272 -0.0074699484    274.22013 
 6653000 0.0072495601 -0.0072418044    266.45702 
 6654000 0.0071421301 -0.0071203923    264.49184 
 6655000 0.0072473436 -0.0072570959    264.12211 
 6656000 0.0073673276 -0.0073983988    266.24295 
 6657000 0.0073120238 -0.0073177321    265.72737 
 6658000 0.0072463492 -0.0072745823    272.02559 
 6659000  0.007218264 -0.0072782909    266.91693 
 6660000 0.0071420282 -0.0071822985    266.26071 
 6661000 0.0071193826 -0.0071571825     264.6661 
 6662000 0.0071375077 -0.0072015461    269.19021 
 6663000  0.007107972 -0.0071230881    267.65117 
 6664000 0.0071952468 -0.0072474745    266.00165 
 6665000 0.0072153855 -0.0072485023    265.12345 
 6666000 0.0074609038 -0.0074909506    274.98132 
 6667000 0.0071955373 -0.0072079179    267.36416 
 6668000 0.0072705604 -0.0073191625    270.39687 
 6669000 0.0072843338 -0.0073137308    271.92114 
 6670000 0.0072189581 -0.0072311198    263.89606 
 6671000 0.0070917215 -0.0071015269    269.52474 
 6672000 0.0071553637 -0.0072108857    267.41618 
 6673000 0.0070146149 -0.0070183779    269.59419 
 6674000 0.0068910615 -0.0069197566    268.92899 
 6675000 0.0071564224 -0.0071720528    265.77684 
 6676000 0.0070417383 -0.007061639    265.66885 
 6677000  0.007042056 -0.0070466209     267.9651 
 6678000 0.0071296643 -0.0071466538    269.60818 
 6679000 0.0071387693 -0.0071716381    265.21803 
 6680000 0.0071336338 -0.0071565115    270.32204 
 6681000 0.0070432826 -0.0071119318    270.32548 
 6682000 0.0072806267 -0.0073264213    264.90459 
 6683000 0.0073250322 -0.0074020972    272.72724 
 6684000 0.0073355077 -0.0073860632    270.04205 
 6685000 0.0073130199 -0.0073461567    266.56794 
 6686000 0.0072285892 -0.0072880095    274.69676 
 6687000 0.0072099951 -0.0072694671    265.31262 
 6688000 0.0071345321 -0.0071537285    265.33184 
 6689000 0.0072203472 -0.007242246    266.31505 
 6690000 0.0072393593 -0.0072443181    272.25039 
 6691000 0.0071128971 -0.0071611894     268.8933 
 6692000 0.0072505081 -0.0072717773     266.0014 
 6693000 0.0073898996 -0.0074079753    274.23486 
 6694000 0.0073564862 -0.0073844913    267.31697 
 6695000 0.0073479942 -0.0074050934    264.61211 
 6696000 0.0073208925 -0.0073585046     264.4607 
 6697000 0.0073403473 -0.0073942536    267.27929 
 6698000 0.0074657495 -0.0074783827    266.88583 
 6699000 0.0073815283 -0.0073911517    268.88293 
 6700000 0.0073959652 -0.0074131297    268.47242 
 6701000 0.0073532573 -0.007350752    261.75991 
 6702000 0.0073406895 -0.0073772788    267.18746 
 6703000 0.0073438196 -0.0073349507    263.99592 
 6704000 0.0074090295 -0.0074436875    268.77132 
 6705000 0.0074269183 -0.0074415911    267.41456 
 6706000 0.0074523047 -0.0074611661     275.4223 
 6707000 0.0074247401  -0.00745323     266.3871 
 6708000  0.007513313 -0.0075179032    270.31915 
 6709000 0.0074280469 -0.0074623537    265.98227 
 6710000 0.0074504508 -0.0074783685     264.8439 
 6711000 0.0073241522 -0.0073639671    269.64058 
 6712000 0.0071636183 -0.0071738561    270.34181 
 6713000 0.0071601267 -0.0071555477     266.9769 
 6714000 0.0072479185 -0.007286219    272.08193 
 6715000 0.0073430987 -0.0073840614    274.69094 
 6716000 0.0072675025 -0.0073292509    265.69574 
 6717000 0.0073232371 -0.0073401367    265.70747 
 6718000 0.0073024077 -0.0073099301    266.39803 
 6719000 0.0073687176 -0.0074128041     272.4278 
 6720000 0.0073702952 -0.0074030311    264.85469 
 6721000 0.0072395521 -0.0072563775     267.4625 
 6722000 0.0072793057 -0.007304946    269.79098 
 6723000 0.0072419165 -0.0072648717    263.45657 
 6724000  0.007097181 -0.007149705    263.25457 
 6725000 0.0069967223 -0.0070359836    267.75969 
 6726000 0.0070254796 -0.0070588741    264.40357 
 6727000 0.0070087769 -0.0070651377    271.09196 
 6728000 0.0071389798 -0.0071622073    269.96427 
 6729000 0.0070869611 -0.0070988868    268.70286 
 6730000 0.0071397046 -0.0071605405    267.40056 
 6731000 0.0070816806 -0.0070638913    265.84884 
 6732000 0.0072473488 -0.0072659662    267.78762 
 6733000 0.0070835241 -0.0071169334    269.89039 
 6734000 0.0071344337 -0.0071611451    271.76656 
 6735000 0.0072221587 -0.0072507697    265.02634 
 6736000 0.0072546186 -0.0072426189    266.16281 
 6737000  0.007178657 -0.0071577488    269.97016 
 6738000 0.0072497939 -0.0072439167    268.76986 
 6739000 0.0073122208 -0.0073072334    270.21631 
 6740000 0.0073270207 -0.0073354059    265.42437 
 6741000 0.0072336959 -0.0072284127    263.49508 
 6742000 0.0072064525 -0.0072176733    270.26737 
 6743000 0.0072415329 -0.0072506362    269.71906 
 6744000 0.0070760832 -0.007088295     263.4225 
 6745000 0.0072155949 -0.0072253714    265.50341 
 6746000 0.0071935993 -0.0071870608     268.5619 
 6747000 0.0072054023 -0.0072523574    271.98595 
 6748000 0.0074154355 -0.0074348938    265.37462 
 6749000 0.0073705565 -0.0074197533    262.83973 
 6750000  0.007225337 -0.0072476529    265.47986 
 6751000 0.0071981238 -0.0072225597    277.82337 
 6752000 0.0072615461 -0.0072895348    266.34641 
 6753000 0.0072125873 -0.0072517433    279.16142 
 6754000 0.0072267769 -0.007213965    267.72137 
 6755000 0.0071936153 -0.0072038938    265.83899 
 6756000 0.0072338107 -0.0072324811    266.27983 
 6757000 0.0071859578 -0.007208868    271.86758 
 6758000 0.0070969871 -0.0071230385    263.70819 
 6759000 0.0070788178 -0.0071443955    274.74156 
 6760000 0.0070704441 -0.0071088541    267.48841 
 6761000 0.0070188526 -0.0070192292    269.80586 
 6762000 0.0071749436 -0.0072502602    266.81777 
 6763000 0.0071303456 -0.0071839774    269.43532 
 6764000 0.0070132989 -0.0070492814    258.33938 
 6765000 0.0072299218 -0.0072415672     270.4976 
 6766000 0.0073266943 -0.0073461175    268.76331 
 6767000 0.0071542567 -0.0071787904     272.6395 
 6768000 0.0072023299 -0.0072263145    264.36475 
 6769000 0.0072478889 -0.0073003069    268.90258 
 6770000 0.0072072317 -0.0072615877    267.80605 
 6771000 0.0072862266 -0.0073374014    271.00786 
 6772000 0.0074128958 -0.0074223721     268.7119 
 6773000 0.0073498873 -0.0073660971    270.27813 
 6774000  0.007224728 -0.0072452337    268.98618 
 6775000 0.0073045663 -0.0073261908    265.96002 
 6776000 0.0071694915 -0.0071857273     266.6706 
 6777000 0.0073790937 -0.0073849208    265.15308 
 6778000 0.0073779507 -0.0073997569    268.90631 
 6779000 0.0074234458 -0.0074342515    264.68288 
 6780000  0.007394026 -0.0074416165    269.02856 
 6781000 0.0073039028 -0.0073328996    268.79613 
 6782000 0.0075110551 -0.0075575478    268.05272 
 6783000 0.0075465027 -0.0075664822    270.12613 
 6784000 0.0075960783 -0.0076131165    267.57241 
 6785000  0.007507896 -0.0075469864    265.45223 
 6786000 0.0074149457 -0.0074397775    267.16906 
 6787000 0.0072363195 -0.0072634469    270.65282 
 6788000 0.0074005987 -0.0074027232    267.01019 
 6789000 0.0075083541 -0.0074993569    266.96163 
 6790000 0.0075479693 -0.0075723764     267.4184 
 6791000 0.0074973863 -0.0075152058     265.9952 
 6792000 0.0073209646 -0.0073461888    272.67076 
 6793000 0.0074015943 -0.0073899742    265.94005 
 6794000 0.0074467966 -0.0074691365    266.75809 
 6795000 0.0074638555 -0.0074620645    268.78373 
 6796000 0.0073569573 -0.0073542446    269.77351 
 6797000 0.0074196092 -0.0074102106    267.70527 
 6798000 0.0074462208 -0.0074709344    268.65342 
 6799000 0.0073745881 -0.0073856515     268.5485 
 6800000  0.007349885 -0.007367248    267.69584 
 6801000 0.0074209748 -0.007439924    271.89581 
 6802000 0.0071893161 -0.0072056073    264.25765 
 6803000 0.0073708882 -0.0074145659    266.76187 
 6804000 0.0071067193 -0.0071096086    263.64802 
 6805000 0.0072832298 -0.0073268648    268.95089 
 6806000 0.0073564258 -0.0073641458    268.85443 
 6807000 0.0073773414 -0.0074176336    263.48336 
 6808000 0.0073728796 -0.007370825    271.03537 
 6809000 0.0073249748 -0.0073610338    265.74092 
 6810000 0.0073613259 -0.0074319039    271.17035 
 6811000 0.0074269064 -0.0074047692    269.35218 
 6812000 0.0072370549 -0.0072982257    265.49571 
 6813000 0.0072059981 -0.0072228649    264.35366 
 6814000 0.0072060635 -0.0072206547    268.49751 
 6815000 0.0070936959 -0.0071363639    271.29554 
 6816000 0.0070544603 -0.0070674298    265.53434 
 6817000 0.0070731253 -0.0071025417    271.91635 
 6818000 0.0070376237 -0.007089025    267.86436 
 6819000 0.0071060711 -0.0071079551    270.63478 
 6820000 0.0070422946 -0.0070665937    269.33839 
 6821000 0.0071488803 -0.0071522553     266.9824 
 6822000   0.00723042 -0.0072707587    268.78153 
 6823000 0.0070945733 -0.0071237312    268.49478 
 6824000 0.0070680698 -0.0071189999    271.39988 
 6825000 0.0070832713 -0.0071358473    267.97932 
 6826000 0.0071006589   -0.0071351    270.56686 
 6827000  0.007177512 -0.0072206821    266.49054 
 6828000 0.0070918497 -0.0070857888    270.48033 
 6829000 0.0071930874 -0.0072257473    261.29199 
 6830000 0.0073627486 -0.0073850822    273.32377 
 6831000 0.0074285069 -0.007442315    272.13544 
 6832000 0.0072894492 -0.0073479936    263.46339 
 6833000 0.0074877713 -0.0075050663    262.67647 
 6834000 0.0073322631 -0.0073474539     268.8705 
 6835000 0.0074213518 -0.0074556833      271.999 
 6836000 0.0073523793 -0.0073540307    270.88446 
 6837000 0.0073609281 -0.0073447336    266.29086 
 6838000 0.0073467302 -0.0073867162    266.90797 
 6839000 0.0074400863 -0.0074629058    267.97373 
 6840000 0.0074203583 -0.0074424917    268.78585 
 6841000 0.0072154718 -0.0072695664    266.90372 
 6842000 0.0073152955 -0.0073414992    268.62349 
 6843000 0.0071856576 -0.0071870506    266.71535 
 6844000 0.0072101987 -0.0072301556    267.04282 
 6845000 0.0073603402 -0.0074163489    270.20859 
 6846000 0.0073455678 -0.0073880639    269.43066 
 6847000 0.0073150404 -0.0073273543    268.59139 
 6848000 0.0073336012 -0.0073533522     265.8704 
 6849000 0.0071842664 -0.0072073834    264.03543 
 6850000 0.0072095423 -0.0072185403    264.93337 
 6851000 0.0071689559 -0.007193186    269.17859 
 6852000  0.007332308 -0.0073697756    272.83093 
 6853000 0.0071151375 -0.0071323641    269.06573 
 6854000 0.0070942743 -0.0071271135    262.31881 
 6855000  0.007162869 -0.0071949014    268.17801 
 6856000 0.0072697411 -0.0072883302    260.37965 
 6857000 0.0072364494 -0.0072587799    274.00802 
 6858000 0.0072112929  -0.00720569    265.98575 
 6859000 0.0070717229 -0.0070720295    263.30912 
 6860000 0.0072226328 -0.007235878    267.52903 
 6861000 0.0071474359 -0.0071507966    272.60927 
 6862000 0.0071536787 -0.0071523865    270.76489 
 6863000 0.0071512657 -0.0071628584    266.69629 
 6864000 0.0072688704 -0.0073138842    269.54817 
 6865000 0.0069990541 -0.0070284931    262.28181 
 6866000 0.0070990307 -0.0071369277    265.69675 
 6867000 0.0069480212 -0.0069983495    263.56638 
 6868000 0.0070798206 -0.0071058052    268.47876 
 6869000 0.0070980219 -0.0071443682    266.93133 
 6870000 0.0070097108 -0.0070347786    271.22498 
 6871000 0.0069661674 -0.0070047091    271.57926 
 6872000 0.0069114744 -0.0069322102    266.14078 
 6873000 0.0070263848 -0.0070549102    268.02838 
 6874000 0.0071268284 -0.0071778815    266.75011 
 6875000 0.0070820538 -0.0071238707    261.15045 
 6876000 0.0071496378 -0.0071667723    269.60247 
 6877000 0.0071342448 -0.0071963118    268.98882 
 6878000 0.0071931287 -0.0072422259    267.21228 
 6879000 0.0071307237 -0.0071676178    265.10007 
 6880000 0.0069989201 -0.007030257    272.04793 
 6881000 0.0070426392 -0.0070692796    271.96569 
 6882000 0.0070917514 -0.0071268329    271.78943 
 6883000 0.0070945704 -0.007132552    271.09411 
 6884000 0.0070891653 -0.0071070209    264.95578 
 6885000 0.0069126642 -0.006947954    265.87594 
 6886000 0.0069376718    -0.006998     269.0855 
 6887000 0.0070135267 -0.0070442909    261.52636 
 6888000 0.0070391238 -0.0070806654     267.1313 
 6889000 0.0071132638 -0.0071811265    269.17419 
 6890000 0.0071029819 -0.0071363428    263.56806 
 6891000 0.0071855591 -0.0072200856    269.45398 
 6892000 0.0071516839 -0.0071554531    268.27581 
 6893000 0.0070440776 -0.007082327    265.42707 
 6894000 0.0071507803 -0.007163803     264.4851 
 6895000 0.0072177847 -0.0072382456    271.50228 
 6896000 0.0071699359 -0.0071732847    268.71451 
 6897000 0.0072160933 -0.0072523118    264.18952 
 6898000 0.0072527806 -0.0072745973    264.32408 
 6899000 0.0072976468 -0.0073285188    264.11629 
 6900000 0.0071791491 -0.007203968    270.50589 
 6901000 0.0072534379 -0.0072933182    270.64249 
 6902000 0.0072425404 -0.0072539958    262.43027 
 6903000 0.0072250052 -0.0072185466    268.85935 
 6904000  0.007107587 -0.0071010961      268.212 
 6905000 0.0071622936 -0.0072009294    267.02822 
 6906000 0.0072945891 -0.0072921816    265.52364 
 6907000 0.0072716668 -0.0072914332    269.12277 
 6908000 0.0070787712 -0.0070583294    264.70915 
 6909000 0.0071311608 -0.0071169479    268.07353 
 6910000 0.0071976048 -0.0071848968    265.93659 
 6911000 0.0070913702 -0.0070941958     266.3006 
 6912000 0.0071044444 -0.0071170983    272.60156 
 6913000 0.0071479779 -0.0071799516    269.46283 
 6914000 0.0072410059 -0.0072615506     266.4998 
 6915000 0.0070251037 -0.0070461778    264.96436 
 6916000 0.0070154706 -0.0070413495    270.23277 
 6917000 0.0071655278 -0.0071892698    263.61699 
 6918000 0.0071188072 -0.0071592176    267.03781 
 6919000 0.0072127775 -0.0072550945    269.35057 
 6920000 0.0070172172 -0.0070243839    269.66644 
 6921000 0.0071194663 -0.007107746    262.49741 
 6922000  0.007234882 -0.0072572461     265.6645 
 6923000 0.0071125439 -0.0071295691    264.98149 
 6924000 0.0070746045 -0.0070709421    265.30149 
 6925000 0.0072477474 -0.0072441335    261.72276 
 6926000 0.0070124328 -0.0069822585      270.202 
 6927000 0.0072613088 -0.0072610644    266.79361 
 6928000 0.0071380133 -0.0071326914     262.9282 
 6929000 0.0071142108 -0.0071122062    265.49489 
 6930000  0.007109059 -0.0071408372    265.10656 
 6931000 0.0070814323 -0.0070935697    266.83495 
 6932000 0.0071106559 -0.0071270152    271.12555 
 6933000 0.0070125521 -0.0070434484    266.85141 
 6934000 0.0071768838 -0.0071804147    270.16508 
 6935000 0.0071681092 -0.0071608051    265.10715 
 6936000 0.0070447098   -0.0070777    273.63565 
 6937000 0.0073107791 -0.0073034093    268.66345 
 6938000  0.007201765 -0.007244903     266.5392 
 6939000 0.0070843115 -0.0071054829     273.5388 
 6940000  0.007391859  -0.00738612    268.15012 
 6941000 0.0073386268 -0.0073450279    270.97058 
 6942000 0.0071733051 -0.0072168157    266.01203 
 6943000 0.0070677674 -0.0070690529    271.66335 
 6944000  0.007245809 -0.0072779925    266.43272 
 6945000 0.0071599048 -0.0071916657    269.89898 
 6946000 0.0070858447 -0.0070813347    269.03898 
 6947000 0.0071214634 -0.0071617289    270.35047 
 6948000  0.007201419 -0.0072197038    271.10294 
 6949000 0.0071438543 -0.0071809611    267.21386 
 6950000 0.0069337043 -0.0069500768    268.48331 
 6951000   0.00710226 -0.0071237892    273.35062 
 6952000 0.0071576643 -0.0071635466    270.77915 
 6953000  0.007261563 -0.0072792931     270.8933 
 6954000 0.0071808641 -0.0071997562    267.71013 
 6955000 0.0072877143 -0.0073153415    269.29389 
 6956000 0.0072282448 -0.0072528776    269.47588 
 6957000 0.0072180312 -0.0072297871    261.71491 
 6958000 0.0073461455 -0.0073305663    269.39178 
 6959000 0.0073004353 -0.0073160619    268.28985 
 6960000 0.0071560727 -0.0071849774    270.27047 
 6961000  0.007034682 -0.0070665106    269.47496 
 6962000 0.0071644105 -0.0071676881    263.78302 
 6963000  0.007222859 -0.007239657    263.26344 
 6964000 0.0072464244 -0.0072806718    266.60591 
 6965000 0.0071322665 -0.0071523148     275.4128 
 6966000 0.0071871837 -0.0072141555    266.18613 
 6967000 0.0073054166 -0.0073337393    273.60167 
 6968000 0.0071322036 -0.0071465165    263.20483 
 6969000 0.0071233083 -0.0071320906    269.43928 
 6970000 0.0071259009 -0.0071451751    270.00782 
 6971000 0.0070876805 -0.0070928146    273.25265 
 6972000 0.0070883301 -0.0071558669    266.97224 
 6973000 0.0070434975 -0.0070208766    264.43412 
 6974000 0.0070620261 -0.0070726785    267.23131 
 6975000 0.0070680213 -0.0070532624    266.58302 
 6976000  0.007038821 -0.0070544721    269.88614 
 6977000 0.0070767628 -0.0071009236    266.15219 
 6978000 0.0070300878 -0.0070708806    268.94524 
 6979000 0.0071586961 -0.007159458    265.68333 
 6980000 0.0070560247 -0.0070494083    270.03102 
 6981000 0.0070655648 -0.0070577807    265.78729 
 6982000 0.0070470241 -0.0070790252    266.21653 
 6983000 0.0071511082 -0.0071909654    267.18202 
 6984000 0.0070688014 -0.0070856457    266.46668 
 6985000  0.007009761 -0.0070331897    272.66994 
 6986000 0.0071240348 -0.0071468412    266.80246 
 6987000 0.0071170408 -0.0071431073    269.07103 
 6988000 0.0072977041  -0.00729669    266.27527 
 6989000 0.0073462829 -0.0073753851    266.61325 
 6990000 0.0072444948 -0.0072387727    263.52215 
 6991000  0.007197611 -0.0072172635    266.76914 
 6992000 0.0072849821 -0.007345435    271.46336 
 6993000 0.0073477768 -0.0073887459    270.04999 
 6994000 0.0071923923 -0.0072240352    269.54124 
 6995000 0.0072212112 -0.0072280399    273.08839 
 6996000 0.0072749911 -0.0073018082    264.40884 
 6997000 0.0072660418 -0.0072836837    272.21906 
 6998000 0.0074070669 -0.0074475074     264.0797 
 6999000 0.0073587925 -0.0074254278    273.71011 
 7000000 0.0073199803 -0.0073145746     265.2064 

