
 2925000 0.0064407657 
 2926000 0.0055478309 
 2927000 0.0055414765 
 2928000 0.0052809517 
 2929000 0.0053444351 
 2930000 0.0052752618 
 2931000 0.0052096881 
 2932000 0.0051292702 
 2933000 0.0050855921 
 2934000 0.0050325109 
 2935000 0.0048766437 
 2936000 0.0048535821 
 2937000 0.0046039727 
 2938000 0.0046767566 
 2939000 0.0046870691 
 2940000 0.0048393524 
 2941000 0.0047900692 
 2942000 0.0047271395 
 2943000 0.0046362673 
 2944000 0.0046074188 
 2945000 0.0047085957 
 2946000 0.0045491383 
 2947000  0.004348281 
 2948000 0.0044435735 
 2949000  0.004404186 
 2950000 0.0045606168 
 2951000 0.0044903588 
 2952000 0.0044505349 
 2953000 0.0043419748 
 2954000 0.0043685969 
 2955000 0.0044845946 
 2956000 0.0044217803 
 2957000 0.0042490623 
 2958000 0.0043355144 
 2959000 0.0042259824 
 2960000 0.0042467331 
 2961000  0.004119104 
 2962000 0.0040564019 
 2963000  0.004025793 
 2964000 0.0039886789 
 2965000 0.0040507886 
 2966000 0.0040140132 
 2967000 0.0038731361 
 2968000 0.0038595916 
 2969000 0.0037923981 
 2970000 0.0038697045 
 2971000 0.0039386068 
 2972000 0.0037678178 
 2973000  0.003757343 
 2974000 0.0038424545 
 2975000 0.0038903249 
 2976000 0.0038636452 
 2977000 0.0037730232 
 2978000 0.0035489258 
 2979000 0.0035823302 
 2980000 0.0035353086 
 2981000 0.0035058679 
 2982000 0.0034583265 
 2983000 0.0033399665 
 2984000 0.0034383999 
 2985000 0.0033700825 
 2986000 0.0033178221 
 2987000 0.0033296958 
 2988000 0.0033292255 
 2989000 0.0031769585 
 2990000 0.0031131006 
 2991000 0.0032420955 
 2992000 0.0032367714 
 2993000 0.0030579333 
 2994000 0.0032639706 
 2995000 0.0029818578 
 2996000 0.0030471049 
 2997000 0.0029161188 
 2998000 0.0029750648 
 2999000 0.0029436629 
 3000000 0.0029876246 
 3001000 0.0028153563 
 3002000 0.0027349223 
 3003000 0.0027221591 
 3004000 0.0028289956 
 3005000 0.0028106277 
 3006000 0.0026948881 
 3007000 0.0026474652 
 3008000 0.0026962493 
 3009000 0.0026624856 
 3010000 0.0026563325 
 3011000 0.0026904464 
 3012000 0.0027306718 
 3013000 0.0026239721 
 3014000 0.0024932159 
 3015000 0.0026563466 
 3016000  0.002506975 
 3017000 0.0023998352 
 3018000 0.0023317251 
 3019000 0.0022780693 
 3020000 0.0022971345 
 3021000 0.0022787886 
 3022000  0.002206861 
 3023000 0.0022727068 
 3024000 0.0022164379 
 3025000  0.002236929 
 3026000 0.0021878491 
 3027000 0.0023078705 
 3028000 0.0022615704 
 3029000 0.0022455958 
 3030000 0.0022934378 
 3031000 0.0021903429 
 3032000 0.0022378704 
 3033000 0.0021464147 
 3034000 0.0019675638 
 3035000 0.0021201357 
 3036000 0.0020105666 
 3037000 0.0019275616 
 3038000  0.001964316 
 3039000 0.0020333158 
 3040000 0.0019567168 
 3041000 0.0019535391 
 3042000 0.0018211484 
 3043000 0.0019209917 
 3044000 0.0018754213 
 3045000  0.001956595 
 3046000 0.0020556823 
 3047000 0.0019349285 
 3048000 0.0020990382 
 3049000 0.0021319042 
 3050000 0.0019985154 
 3051000 0.0019945789 
 3052000 0.0019556114 
 3053000 0.0019290103 
 3054000 0.0019369177 
 3055000   0.00200328 
 3056000 0.0019132838 
 3057000 0.0018126664 
 3058000 0.0018949849 
 3059000 0.0018637305 
 3060000 0.0017887442 
 3061000 0.0016825879 
 3062000 0.0016896139 
 3063000 0.0017557042 
 3064000  0.001818434 
 3065000 0.0019482386 
 3066000 0.0017908409 
 3067000 0.0017161918 
 3068000  0.001667024 
 3069000 0.0015419572 
 3070000 0.0017768775 
 3071000   0.00193143 
 3072000 0.0016297693 
 3073000  0.001568322 
 3074000  0.001734145 
 3075000 0.0015612363 
 3076000 0.0015151659 
 3077000 0.0016201929 
 3078000 0.0016397254 
 3079000 0.0015981536 
 3080000 0.0012800686 
 3081000 0.0014514553 
 3082000 0.0013715152 
 3083000 0.0014715026 
 3084000 0.0013075612 
 3085000 0.0014373282 
 3086000 0.0014372564 
 3087000 0.0013362219 
 3088000 0.0012657884 
 3089000 0.0014103504 
 3090000 0.0013596197 
 3091000 0.0014102624 
 3092000 0.0012932576 
 3093000 0.0012717954 
 3094000 0.0011330566 
 3095000 0.0012358845 
 3096000 0.0012608573 
 3097000 0.0010895107 
 3098000 0.0013384538 
 3099000 0.0012049309 
 3100000 0.0012678391 
 3101000 0.0013322679 
 3102000 0.0013710069 
 3103000 0.0015523225 
 3104000 0.0012791412 
 3105000 0.0013676912 
 3106000 0.0013857071 
 3107000 0.0013247721 
 3108000 0.0012263208 
 3109000 0.0012866286 
 3110000  0.001175935 
 3111000 0.0011515421 
 3112000 0.0011502526 
 3113000 0.0013058899 
 3114000  0.001133107 
 3115000 0.0010533456 
 3116000 0.0013079412 
 3117000 0.0011592521 
 3118000 0.0011463331 
 3119000 0.0011150172 
 3120000   0.00122341 
 3121000 0.0014009998 
 3122000 0.0013570707 
 3123000 0.0013497045 
 3124000 0.0011223875 
 3125000 0.0012292987 
 3126000 0.0011408737 
 3127000 0.0011168899 
 3128000 0.0011882539 
 3129000 0.0011468983 
 3130000 0.0011682409 
 3131000 0.0011187345 
 3132000 0.0011757011 
 3133000 0.0011326965 
 3134000  0.001077692 
 3135000 0.0011314011 
 3136000 0.0011999457 
 3137000 0.00098080097 
 3138000 0.0010411227 
 3139000 0.0010248626 
 3140000 0.0010413924 
 3141000 0.0011647173 
 3142000 0.00099541173 
 3143000 0.0010814446 
 3144000 0.0011278798 
 3145000 0.0011079896 
 3146000 0.00097432167 
 3147000 0.0011945245 
 3148000 0.00086604436 
 3149000 0.0010527318 
 3150000 0.0010920804 
 3151000  0.001102734 
 3152000 0.0010813596 
 3153000 0.0010683435 
 3154000 0.0010147926 
 3155000 0.00093427706 
 3156000 0.0010886545 
 3157000 0.0011529885 
 3158000 0.0012507984 
 3159000 0.0012369216 
 3160000 0.0012308528 
 3161000 0.0012147779 
 3162000 0.0010872698 
 3163000 0.0011313372 
 3164000 0.0013542908 
 3165000 0.0011713666 
 3166000 0.0013193548 
 3167000   0.00110551 
 3168000 0.0012156547 
 3169000 0.0011477754 
 3170000 0.0011777359 
 3171000 0.0011596625 
 3172000 0.0010987937 
 3173000 0.0011421463 
 3174000 0.00098617501 
 3175000 0.0010625087 
 3176000 0.0010589736 
 3177000 0.0012069148 
 3178000 0.0011530228 
 3179000 0.0011852602 
 3180000 0.0011374901 
 3181000 0.0011233863 
 3182000 0.0012402729 
 3183000 0.0012390576 
 3184000 0.0011676079 
 3185000 0.0011596263 
 3186000 0.0011947263 
 3187000 0.0012777755 
 3188000  0.001137395 
 3189000 0.0012610609 
 3190000  0.001227681 
 3191000 0.0011574145 
 3192000 0.0011689675 
 3193000 0.0011554956 
 3194000 0.0011563845 
 3195000 0.0011038152 
 3196000 0.0010810834 
 3197000 0.0010795969 
 3198000 0.00094594883 
 3199000 0.0010566184 
 3200000 0.0011271649 
 3201000 0.00093823838 
 3202000 0.00092692721 
 3203000 0.0010655291 
 3204000 0.0011238355 
 3205000 0.00097342325 
 3206000 0.0010148591 
 3207000 0.0011302715 
 3208000 0.0010393961 
 3209000 0.00099308526 
 3210000 0.00076543129 
 3211000 0.0010204606 
 3212000 0.00092854071 
 3213000 0.00075639187 
 3214000 0.00075682402 
 3215000 0.00093231092 
 3216000 0.00081838189 
 3217000 0.00076353754 
 3218000 0.00078388303 
 3219000 0.00072143918 
 3220000 0.00073512688 
 3221000 0.00075985298 
 3222000 0.00065681712 
 3223000 0.00083779566 
 3224000 0.00073660416 
 3225000 0.00097032128 
 3226000 0.00079457715 
 3227000 0.00079093646 
 3228000 0.00089445881 
 3229000 0.00087695287 
 3230000 0.00092272184 
 3231000 0.00091864062 
 3232000 0.00091078881 
 3233000 0.0010214689 
 3234000 0.00091437541 
 3235000 0.00096425559 
 3236000 0.00083160841 
 3237000 0.00091020517 
 3238000 0.0010452568 
 3239000 0.00080325464 
 3240000 0.00096574282 
 3241000 0.00085803135 
 3242000 0.00099788786 
 3243000 0.0009345234 
 3244000 0.00092490908 
 3245000  0.000860874 
 3246000 0.00085667483 
 3247000 0.00090214982 
 3248000 0.00085209955 
 3249000 0.00082895218 
 3250000 0.00083123794 
 3251000 0.00094764992 
 3252000 0.00079671175 
 3253000 0.00080803698 
 3254000 0.00096813598 
 3255000 0.00086714767 
 3256000  0.000772385 
 3257000 0.00078332358 
 3258000 0.00079336141 
 3259000 0.00085594804 
 3260000 0.0010001425 
 3261000 0.00075692871 
 3262000 0.0008300812 
 3263000 0.00088133047 
 3264000 0.00079240177 
 3265000 0.00084051347 
 3266000 0.00063206133 
 3267000 0.00077345795 
 3268000 0.00086964968 
 3269000 0.00087802494 
 3270000 0.00079206129 
 3271000 0.00077476965 
 3272000 0.00081139927 
 3273000 0.00083106777 
 3274000 0.00083264403 
 3275000 0.00077136016 
 3276000 0.00084820175 
 3277000 0.00069995793 
 3278000 0.00090662584 
 3279000 0.00093762855 
 3280000 0.0009226279 
 3281000 0.00071411013 
 3282000 0.00076388148 
 3283000 0.00082225926 
 3284000 0.00078517019 
 3285000 0.00063161861 
 3286000 0.00082407294 
 3287000 0.00079295455 
 3288000 0.00071273003 
 3289000 0.00079529462 
 3290000 0.00078693854 
 3291000 0.00083298233 
 3292000 0.00090328245 
 3293000 0.0007794008 
 3294000 0.00071920309 
 3295000 0.00073101728 
 3296000 0.00065051871 
 3297000 0.00077478495 
 3298000 0.00061410397 
 3299000 0.00060972756 
 3300000 0.00059893485 
 3301000 0.00058380394 
 3302000 0.00063399774 
 3303000 0.00073578828 
 3304000 0.00080539337 
 3305000 0.00078760263 
 3306000 0.00096059775 
 3307000 0.00085540295 
 3308000 0.00085121637 
 3309000 0.00069524088 
 3310000 0.0009525829 
 3311000 0.00091372834 
 3312000 0.00083344943 
 3313000 0.0010910285 
 3314000 0.00085664929 
 3315000 0.0008297768 
 3316000 0.00067703977 
 3317000 0.00071547109 
 3318000 0.00076797952 
 3319000 0.00073260539 
 3320000 0.00071815625 
 3321000 0.00088653623 
 3322000 0.00080387605 
 3323000 0.00064379902 
 3324000 0.00064287951 
 3325000 0.00084559088 
 3326000 0.00070665843 
 3327000 0.00090006452 
 3328000 0.00087023274 
 3329000 0.00077050138 
 3330000 0.00059996545 
 3331000 0.00061813113 
 3332000 0.00064375646 
 3333000 0.00045448979 
 3334000 0.00056312685 
 3335000 0.0007431204 
 3336000 0.00055270453 
 3337000 0.00061745992 
 3338000 0.00049814913 
 3339000 0.00038826183 
 3340000 0.00041118916 
 3341000 0.00060477502 
 3342000 0.00045803007 
 3343000 0.00068537717 
 3344000 0.00051472443 
 3345000 0.00042694423 
 3346000 0.00046415737 
 3347000 0.00043249981 
 3348000 0.00055993493 
 3349000 0.00048510833 
 3350000 0.00051497097 
 3351000 0.0004804185 
 3352000 0.00048423966 
 3353000 0.00043879233 
 3354000 0.00049735149 
 3355000 0.00051592335 
 3356000 0.00046804573 
 3357000 0.00036008954 
 3358000 0.00040998624 
 3359000 0.00040559478 
 3360000 0.00034381649 
 3361000 0.00040996523 
 3362000 0.00032713149 
 3363000 0.00028188037 
 3364000 0.0003922144 
 3365000 0.00036393269 
 3366000 0.00044872615 
 3367000 0.00043452354 
 3368000 0.00037742915 
 3369000 0.00055339046 
 3370000 0.0004776892 
 3371000 0.00060164157 
 3372000 0.00061045354 
 3373000 0.0004552325 
 3374000 0.00051374554 
 3375000 0.00050849154 
 3376000 0.00056097928 
 3377000 0.00055242331 
 3378000 0.00048962168 
 3379000 0.00038564803 
 3380000 0.00028290592 
 3381000 0.00052425568 
 3382000 0.00053499822 
 3383000 0.00049441728 
 3384000 0.00062229109 
 3385000 0.00047369322 
 3386000 0.00051186016 
 3387000 0.00057990718 
 3388000 0.00063541768 
 3389000 0.00062165935 
 3390000 0.00062579177 
 3391000 0.00062809751 
 3392000 0.00047906878 
 3393000 0.00047263151 
 3394000 0.00059841322 
 3395000 0.00057388739 
 3396000 0.00058251096 
 3397000 0.00061820353 
 3398000 0.00050875455 
 3399000 0.00046218939 
 3400000 0.00053455163 
 3401000 0.0005703801 
 3402000 0.00068904362 
 3403000 0.00058978361 
 3404000 0.00048596166 
 3405000 0.00033766158 
 3406000 0.00058920085 
 3407000 0.00035911262 
 3408000 0.00042282345 
 3409000 0.00051821079 
 3410000 0.00044109892 
 3411000 0.00047648196 
 3412000 0.00062294933 
 3413000 0.00054747636 
 3414000 0.00042467107 
 3415000 0.00043961307 
 3416000 0.00051387779 
 3417000 0.00026423015 
 3418000 0.00034887417 
 3419000 0.00033928616 
 3420000 9.6749271e-05 
 3421000 0.00020822051 
 3422000 0.00034833146 
 3423000 0.00033979308 
 3424000 0.00044728145 
 3425000 0.00039718545 
 3426000 0.00014589519 
 3427000 0.00034553986 
 3428000 0.0003717253 
 3429000 0.0003207176 
 3430000 0.00035003485 
 3431000 0.00036140491 
 3432000 0.00037413922 
 3433000 0.00030817649 
 3434000 0.00037151122 
 3435000 0.00014713831 
 3436000 0.00025043322 
 3437000 0.00016900625 
 3438000 0.00016687302 
 3439000 0.00026688192 
 3440000 0.00033826301 
 3441000 0.00017527585 
 3442000 0.0002365041 
 3443000 0.00012767566 
 3444000 0.00010063599 
 3445000 7.855442e-05 
 3446000 0.00013116945 
 3447000 0.00015384944 
 3448000 0.00013692921 
 3449000 0.00017425257 
 3450000 0.00018151998 
 3451000 0.00014129106 
 3452000 0.00016827842 
 3453000 0.00024618951 
 3454000 6.3001462e-05 
 3455000 0.00022232901 
 3456000 0.0001034521 
 3457000 0.00011250935 
 3458000 0.00013160564 
 3459000 0.00011022902 
 3460000 0.00016886504 
 3461000 0.00022183239 
 3462000 0.00045100725 
 3463000 0.00033173685 
 3464000   0.00023712 
 3465000 0.00032110196 
 3466000 0.00015661263 
 3467000 0.00011308536 
 3468000 0.0002547694 
 3469000 0.00017721933 
 3470000 5.595565e-05 
 3471000 -4.5842283e-05 
 3472000 0.0001731107 
 3473000 0.00011900861 
 3474000 7.1958085e-05 
 3475000 0.00012856977 
 3476000 0.00020723144 
 3477000 0.00028333208 
 3478000 0.00021880568 
 3479000 0.00030324309 
 3480000 0.00022958303 
 3481000 0.00030850695 
 3482000 0.00027559764 
 3483000 0.0003404694 
 3484000 0.00024591841 
 3485000 0.00032123851 
 3486000 0.00026444549 
 3487000 0.00032872339 
 3488000 0.00033009447 
 3489000 0.00021110416 
 3490000 0.00012886675 
 3491000 0.00021188669 
 3492000 0.00019371089 
 3493000 0.00017595012 
 3494000 0.00016106331 
 3495000 0.00041804906 
 3496000 0.00023707407 
 3497000 0.00038216258 
 3498000 0.0003292682 
 3499000 0.00026655627 
 3500000 0.00030606517 
 3501000 0.00021386417 
 3502000 0.00030250322 
 3503000 0.00043677427 
 3504000 0.00036134435 
 3505000 0.00024634619 
 3506000 0.00022493009 
 3507000 0.0002410824 
 3508000 0.00027808322 
 3509000 0.0002391534 
 3510000 9.2270703e-05 
 3511000 0.00018310094 
 3512000 0.0002684615 
 3513000 0.00034379829 
 3514000 0.00030115431 
 3515000 0.00043033026 
 3516000 0.00034067328 
 3517000 0.00035166245 
 3518000 0.00030843516 
 3519000 0.00016159904 
 3520000 0.00035355845 
 3521000 0.00030122306 
 3522000 0.00043988491 
 3523000 0.00036641965 
 3524000 0.00018598728 
 3525000 0.00029781788 
 3526000 0.00025767499 
 3527000 0.00022148224 
 3528000 0.00013324323 
 3529000 8.5702324e-05 
 3530000 6.3898391e-05 
 3531000 0.00025339101 
 3532000 0.00030032058 
 3533000 0.00012224817 
 3534000 0.00022585164 
 3535000 0.00029061721 
 3536000 0.00017472738 
 3537000 0.00032723714 
 3538000 0.00030241544 
 3539000 0.00030375415 
 3540000 0.00047146552 
 3541000 0.00043297938 
 3542000 0.00046476206 
 3543000 0.00034100472 
 3544000 0.00034998984 
 3545000 0.00033276823 
 3546000 0.00030238094 
 3547000 0.0002634808 
 3548000 0.00040839261 
 3549000 0.00032753323 
 3550000 0.00041360635 
 3551000 0.00036547432 
 3552000 0.00040002209 
 3553000 0.00031633612 
 3554000 0.00041557322 
 3555000 0.00047553649 
 3556000 0.00057232427 
 3557000 0.00063780426 
 3558000 0.00063305079 
 3559000 0.00065097406 
 3560000 0.00057811913 
 3561000 0.00050055032 
 3562000 0.00058778836 
 3563000 0.00040501437 
 3564000 0.00061684764 
 3565000 0.00050878318 
 3566000 0.0003620708 
 3567000 0.00047336374 
 3568000 0.00043107561 
 3569000 0.00037554551 
 3570000 0.00035396549 
 3571000 0.00055676408 
 3572000 0.00048273397 
 3573000 0.00053475554 
 3574000 0.00041263992 
 3575000 0.00038355057 
 3576000 0.00042275724 
 3577000 0.00045524787 
 3578000 0.00044329808 
 3579000 0.00045591348 
 3580000 0.00036644475 
 3581000 0.00044693836 
 3582000 0.0004820109 
 3583000 0.0004186581 
 3584000 0.00036377526 
 3585000 0.00049986353 
 3586000 0.00036679788 
 3587000 0.00031071378 
 3588000 0.00039759779 
 3589000 0.00036885025 
 3590000 0.0004601187 
 3591000 0.00036735661 
 3592000 0.00022927763 
 3593000 0.00040720543 
 3594000 0.00030964564 
 3595000 0.00028073406 
 3596000 0.00018919523 
 3597000 0.00019988373 
 3598000 0.00025392807 
 3599000 0.00026258608 
 3600000 0.00027393596 
 3601000 0.00022025116 
 3602000 0.00033774843 
 3603000 0.00033090564 
 3604000 0.0002559894 
 3605000 0.00033838327 
 3606000 0.00020792633 
 3607000 0.00031392838 
 3608000 0.00024733884 
 3609000 0.00016567009 
 3610000 5.4099943e-05 
 3611000 0.00016204673 
 3612000 0.00023563347 
 3613000 0.00025358878 
 3614000 0.00032101043 
 3615000 0.00020475197 
 3616000 0.00015868938 
 3617000 0.0001794733 
 3618000 0.00017607692 
 3619000 9.882165e-05 
 3620000 8.9300209e-05 
 3621000 0.00017070125 
 3622000 0.00032623149 
 3623000 0.0003864174 
 3624000 0.00025303464 
 3625000 0.00030264976 
 3626000 0.00032034723 
 3627000 0.00032674123 
 3628000 0.00016888755 
 3629000 0.00017545464 
 3630000 0.00017368894 
 3631000 0.00024960567 
 3632000 0.00030846687 
 3633000 0.00026825951 
 3634000 0.00025816445 
 3635000 0.00021591053 
 3636000 0.00021850674 
 3637000 0.00026715378 
 3638000 0.00022623017 
 3639000 0.00016807397 
 3640000 0.00020592187 
 3641000 0.00023417442 
 3642000 0.00017697535 
 3643000 3.0423863e-05 
 3644000 0.00020311852 
 3645000 0.00013583512 
 3646000 0.00018143804 
 3647000 0.00016046228 
 3648000 0.00024083192 
 3649000 0.00019874401 
 3650000 0.0002729675 
 3651000 0.00017346227 
 3652000 0.00025360979 
 3653000 0.00046707814 
 3654000 0.0001927389 
 3655000 0.00027290081 
 3656000 0.00036469878 
 3657000 0.00039716829 
 3658000 0.00036636972 
 3659000 0.00025220265 
 3660000 0.00025181546 
 3661000 0.00016470155 
 3662000 0.00027774267 
