5000000            0            0            0            0 
 5001000 0.0017490535 -0.001845424  -0.21074242   0.13243157 
 5002000 0.0019620897 -0.0020370724  -0.40299961 0.0028548954 
 5003000 0.0025476325 -0.0025475054    -0.514328  0.031037752 
 5004000 0.0026250576 -0.0026831323  -0.64603601 -0.080216526 
 5005000 0.0029119277 -0.0029157105  -0.78668912  -0.13823206 
 5006000 0.0031785127 -0.0032242876  -0.85976799  -0.13816644 
 5007000  0.003220431 -0.0032515297  -0.94479548  -0.21150675 
 5008000 0.0035738557 -0.0036119716   -1.0611806   -0.2545166 
 5009000 0.0037552221 -0.0037808683   -1.1395009  -0.27139697 
 5010000 0.0040849841 -0.004084903   -1.1955868  -0.23589686 
 5011000 0.0041742494 -0.0041979388   -1.1367458  -0.14676921 
 5012000 0.0043408597 -0.0043741367   -1.0605062 -0.023501028 
 5013000   0.00449963 -0.0045556012   -1.0487033  0.031909626 
 5014000 0.0042914238 -0.0043642904   -1.0512799 -0.0097873329 
 5015000 0.0045706544 -0.0045684447   -1.1083935 -0.010799188 
 5016000 0.0046426411 -0.0046752938   -1.1576149 -0.055824102 
 5017000 0.0046985211 -0.0047186998   -1.2203533  -0.08786725 
 5018000 0.0046289863 -0.0046666853   -1.2503394  -0.12573918 
 5019000 0.0047288946 -0.0047982555   -1.2484035 -0.098942726 
 5020000 0.0048777288 -0.004960863   -1.1979288 -0.0018615546 
 5021000 0.0048289337 -0.0049056497   -1.1831733 0.0033673048 
 5022000  0.004964643 -0.0050642558   -1.1964771  0.030311344 
 5023000 0.0049321521 -0.0050025525    -1.277876 -0.071698518 
 5024000 0.0052281645 -0.0052808103   -1.3559336 -0.083101812 
 5025000 0.0052657638 -0.0053590685   -1.4074301  -0.11415996 
 5026000 0.0053215191 -0.0054122181   -1.3887662 -0.066266832 
 5027000 0.0052669776 -0.0053216039   -1.3461396 -0.050126532 
 5028000 0.0053100216 -0.0053602277   -1.3401508 -0.040864625 
 5029000 0.0053073844 -0.005352446    -1.449541  -0.13597652 
 5030000 0.0053538936 -0.0054065738   -1.4777924  -0.15968211 
 5031000 0.0052360528 -0.0052892885   -1.4519486  -0.18526831 
 5032000 0.0054117925 -0.0054375127   -1.5478318  -0.21632998 
 5033000 0.0054777025 -0.0054787997   -1.4861443  -0.13997088 
 5034000 0.0054402118 -0.0055029501   -1.4171902 -0.089135196 
 5035000  0.005490812 -0.0055266418   -1.4692358  -0.12499916 
 5036000 0.0055729867 -0.005641431    -1.573487  -0.20707332 
 5037000 0.0057897738 -0.0058116584   -1.6053349  -0.18389731 
 5038000  0.005679973 -0.0057622109   -1.5534952  -0.16881819 
 5039000 0.0057562259 -0.0058225354   -1.5948539  -0.19173704 
 5040000  0.005678442 -0.0057507123   -1.6572988  -0.25629402 
 5041000 0.0056030289 -0.0056314148   -1.6389429  -0.26795805 
 5042000 0.0058766025 -0.0058997719   -1.5941678  -0.15183523 
 5043000 0.0057596476 -0.005838023   -1.5599397  -0.14216972 
 5044000 0.0058526078 -0.0058750045    -1.580286  -0.16418258 
 5045000 0.0058955703 -0.0059302523   -1.5850558  -0.14084337 
 5046000 0.0060562142 -0.0061085371   -1.5879551  -0.11110667 
 5047000 0.0058466719 -0.0058901136   -1.6039957  -0.16471472 
 5048000 0.0059117522 -0.0059598551   -1.6213413  -0.17894838 
 5049000 0.0060843099 -0.0061509512   -1.6601462  -0.16914151 
 5050000 0.0060601045 -0.0061251451   -1.6610345  -0.16481342 
 5051000 0.0061252919 -0.0061574543   -1.5755927 -0.058719531 
 5052000 0.0060280266 -0.0060609769   -1.4981498 -0.018846119 
 5053000 0.0060737068 -0.006125028   -1.5333359 -0.026949231 
 5054000 0.0063081244 -0.0063693112   -1.5791594 -0.0050686406 
 5055000 0.0062937652 -0.0063420405    -1.610807 -0.039363671 
 5056000 0.0063496018 -0.0063993469   -1.6066867 -0.019533746 
 5057000 0.0062942729 -0.0063153253   -1.6728613  -0.10026037 
 5058000 0.0064103906 -0.0064435168   -1.7033933  -0.10967943 
 5059000 0.0064886646 -0.0065076921   -1.6854916 -0.050729426 
 5060000 0.0065790071 -0.006602486   -1.6350318  0.016428069 
 5061000 0.0065007368 -0.0065155095   -1.5784205  0.062515127 
 5062000 0.0063541187 -0.0063912818   -1.4900259   0.11373445 
 5063000 0.0064536616 -0.0064595565   -1.4800825   0.13432869 
 5064000 0.0063726792 -0.0064160901   -1.4848891   0.11698324 
 5065000 0.0065098941 -0.0065335615   -1.5171166   0.11487748 
 5066000 0.0065865189 -0.0066386494   -1.5426494   0.11858459 
 5067000 0.0066049479 -0.0066596501   -1.5466979   0.12229307 
 5068000 0.0065363908 -0.0065726946   -1.5045015   0.13988397 
 5069000 0.0069249058 -0.0069688012   -1.6080583   0.13721114 
 5070000 0.0066397434 -0.0066914015   -1.6231466  0.029970166 
 5071000 0.0065905422 -0.0066376911   -1.7398943 -0.079159026 
 5072000 0.0066029358 -0.0066308768   -1.6995936 -0.041786595 
 5073000 0.0066537788 -0.006731005   -1.6666951 -0.0029655272 
 5074000 0.0067860811 -0.006836137    -1.690081  0.024429956 
 5075000 0.0069299332 -0.006940664   -1.6249115   0.11393522 
 5076000 0.0067799064 -0.0067878354   -1.6081815  0.077700151 
 5077000 0.0068012737 -0.0068258579   -1.6520925  0.055048445 
 5078000 0.0069455561 -0.0069437813   -1.7048872  0.040499519 
 5079000 0.0069913006 -0.0069814962   -1.7230385  0.041589888 
 5080000 0.0068891761 -0.0069240578   -1.6658059   0.06058727 
 5081000 0.0070503752 -0.0070912695   -1.6554403   0.11467628 
 5082000 0.0071289429 -0.0071574134   -1.6717239   0.14209231 
 5083000 0.0072273733 -0.0072231814   -1.6428483   0.18327247 
 5084000 0.0073778858 -0.0073852379   -1.7501872   0.13798614 
 5085000 0.0072498096 -0.0072601493   -1.7692331  0.074730609 
 5086000 0.0072902868 -0.0073037374   -1.7541504  0.093215029 
 5087000 0.0072818016 -0.0073004869   -1.7662657  0.076719598 
 5088000  0.007221392 -0.0072469259   -1.7968655  0.037938558 
 5089000 0.0073290957 -0.0073327831   -1.8389444  0.018385177 
 5090000 0.0072798562 -0.0072786412   -1.8904011 -0.044305823 
 5091000 0.0073284309 -0.0073709703    -1.877034 -0.018114001 
 5092000 0.0074226775 -0.0074086088    -1.915129 -0.018040593 
 5093000 0.0072681284 -0.0072882746   -1.8367327  0.027279486 
 5094000 0.0073451803 -0.0073219678   -1.7315536   0.14308199 
 5095000 0.0071417575 -0.0071774088   -1.6429196   0.18440662 
 5096000 0.0072487653 -0.0072848989   -1.5658638   0.28555404 
 5097000 0.0072566182 -0.0072929331   -1.5899743   0.25452055 
 5098000 0.0074913629 -0.0075216823   -1.7073087    0.2179591 
 5099000 0.0073672075 -0.0073940098   -1.6948434   0.18620638 
 5100000 0.0074841089 -0.0075241453   -1.6636272   0.24385425 
 5101000 0.0075630511 -0.0075755813   -1.7022764   0.22728692 
 5102000 0.0074990093 -0.0075595156   -1.7168157   0.19340148 
 5103000 0.0074836584 -0.0075020151   -1.7303987   0.18270306 
 5104000  0.007363792 -0.0073560825   -1.7143911   0.16969938 
 5105000 0.0074474075 -0.0074682273   -1.8101489   0.10051555 
 5106000  0.007519742 -0.007540865   -1.8475758  0.090708358 
 5107000 0.0075119615 -0.0075318267   -1.8426989  0.085737899 
 5108000 0.0073701916 -0.0073846976   -1.8275836  0.063558379 
 5109000 0.0074077653 -0.0074307917   -1.8595373  0.034663444 
 5110000 0.0073879083 -0.0074158188   -1.8277258  0.070132113 
 5111000 0.0074266889 -0.0074432431   -1.7698734    0.1199672 
 5112000 0.0075706913 -0.0076076554   -1.8951567  0.052991877 
 5113000 0.0074657079 -0.0074783841   -1.9775163 -0.065577962 
 5114000  0.007514699 -0.0075029795   -1.9620118 -0.049403704 
 5115000 0.0073652873 -0.0073869858   -1.8486191  0.030147865 
 5116000 0.0073080555 -0.0073483289   -1.6951778   0.17120842 
 5117000 0.0073767402 -0.0073685359    -1.606241   0.28417871 
 5118000 0.0072403871 -0.0072412814   -1.5990505   0.24921425 
 5119000  0.007257846 -0.0072809962   -1.6879948   0.17277121 
 5120000 0.0072954711 -0.007305324   -1.6889348   0.15322614 
 5121000 0.0074189552 -0.007458295   -1.7937132  0.099336024 
 5122000 0.0072916515  -0.00733146   -1.8151325   0.03881677 
 5123000 0.0074730469 -0.0075080703   -1.8715272  0.029728305 
 5124000 0.0074858772 -0.0074975113   -1.7593395   0.14491524 
 5125000 0.0075162192 -0.0075718248   -1.6654953   0.25070314 
 5126000 0.0074777186 -0.0075057687   -1.6415383   0.27760954 
 5127000 0.0076218611 -0.0076501559   -1.6622443   0.27299026 
 5128000 0.0075589864 -0.0076138346   -1.6862296   0.24845149 
 5129000 0.0076476449 -0.0076608228   -1.7669207   0.17381722 
 5130000 0.0076291619 -0.0076799529   -1.8639632  0.080076555 
 5131000 0.0075354112 -0.0075588247   -1.8362749  0.067067006 
 5132000 0.0075334793 -0.0075474888   -1.8190474  0.095751708 
 5133000 0.0075415918 -0.0075337258   -1.7328166   0.16835052 
 5134000 0.0074613762 -0.0075109168   -1.6938655   0.19375883 
 5135000 0.0072672568 -0.0073038524   -1.6148828   0.22180853 
 5136000 0.0074663234 -0.0074626002   -1.5901586   0.29318005 
 5137000 0.0073791224 -0.0074179571    -1.587642   0.27652849 
 5138000 0.0074883683 -0.007497694   -1.5939081    0.3072638 
 5139000 0.0074350007 -0.0074509878   -1.5946983   0.29041107 
 5140000 0.0076983382 -0.0077266325   -1.7315268   0.21351176 
 5141000 0.0076849637 -0.0077225996   -1.7694749   0.17409283 
 5142000 0.0077411052 -0.0077490178   -1.7831873   0.18053948 
 5143000 0.0076671187 -0.0076912535   -1.7121816   0.22025499 
 5144000 0.0077256367 -0.0077585038   -1.6832438   0.26288969 
 5145000 0.0077908733 -0.0078073868   -1.7500689   0.22084726 
 5146000 0.0077612375 -0.0078030157   -1.7614563   0.19588225 
 5147000  0.007639097 -0.0076870331   -1.7609685   0.18697278 
 5148000 0.0075185733 -0.0075361533   -1.7498576    0.1555241 
 5149000 0.0076883611 -0.007758952   -1.7654332   0.19504223 
 5150000 0.0076328591 -0.007644535   -1.7994473   0.14786759 
 5151000 0.0076680475 -0.0077039118   -1.8369275   0.11681565 
 5152000 0.0077738733 -0.0077999577   -1.7948458   0.18235606 
 5153000 0.0077227551 -0.0077690743   -1.8427842   0.12306882 
 5154000 0.0077376961 -0.0077573186   -1.7973178   0.15741859 
 5155000 0.0077715595 -0.007787996   -1.7803009   0.18089876 
 5156000 0.0075643785 -0.0075478254   -1.7998228   0.12225093 
 5157000 0.0076142295 -0.0076559757   -1.8970903  0.027458025 
 5158000 0.0074362975 -0.0074835096   -1.8737012  0.002955348 
 5159000 0.0075976651 -0.0076029744   -1.8575778  0.051622281 
 5160000   0.00759974 -0.0076548346   -1.7528223    0.1617478 
 5161000 0.0077354333 -0.0077578591   -1.7162757   0.23018983 
 5162000 0.0077931799 -0.0078487904   -1.7850348   0.18166814 
 5163000 0.0077538338 -0.0077735857   -1.8371813   0.12523174 
 5164000 0.0075740878 -0.0076338174   -1.8486305   0.05956055 
 5165000 0.0077186274 -0.0077645614   -1.9097701  0.035704636 
 5166000 0.0078919938 -0.0079441778   -1.9144772  0.087271791 
 5167000 0.0077126077 -0.0077667726   -1.8517818  0.097332815 
 5168000 0.0077593367 -0.0078157183   -1.8694953   0.09225254 
 5169000 0.0077675848 -0.0078089752    -1.830475   0.13529432 
 5170000 0.0079333319 -0.0079574984   -1.8652355   0.12344846 
 5171000 0.0078072156 -0.0078454447   -1.9119261  0.067272447 
 5172000 0.0078105387 -0.0078033903   -1.9592812   0.01647823 
 5173000 0.0077303299 -0.0077617398   -1.9452771  0.017812221 
 5174000 0.0077385279 -0.0077784343   -1.9283073  0.024284569 
 5175000  0.007765846 -0.0078133968   -1.8373263   0.13343643 
 5176000 0.0078383621 -0.0078501446    -1.843131   0.13854198 
 5177000 0.0077494563 -0.007810576    -1.898806  0.062692724 
 5178000 0.0077899348 -0.0078403363   -1.9791155 -0.0075586157 
 5179000 0.0078553128 -0.0078969248   -2.0184583 -0.033366961 
 5180000 0.0077817997 -0.0077815935   -1.9755418 -0.0030655038 
 5181000 0.0078769639 -0.0078820646   -1.9199308  0.076681633 
 5182000 0.0078967419 -0.0079438213   -1.8250182   0.16424159 
 5183000 0.0079665342  -0.00795119   -1.7830259   0.21515259 
 5184000 0.0077776843 -0.0077522991   -1.7511123    0.2142187 
 5185000 0.0079185276 -0.0079313817    -1.817454     0.176463 
 5186000 0.0079151338 -0.0079666164   -1.8678963   0.12714776 
 5187000 0.0078852253 -0.0079385679   -1.8775024      0.13137 
 5188000 0.0080520935 -0.0080945646   -1.8695823   0.17088386 
 5189000 0.0080306187 -0.0081075217   -1.9165291    0.1387857 
 5190000 0.0078693117 -0.0079125668    -1.871648   0.11937554 
 5191000 0.0078002776 -0.0078332672   -1.8592352   0.12857611 
 5192000 0.0079072265 -0.0079283353   -1.9024564  0.093212404 
 5193000 0.0079132356 -0.0079325451   -1.9808863  0.029652193 
 5194000 0.0078200452 -0.007837763    -1.997546 -0.016109976 
 5195000 0.0076796335 -0.0076962554    -1.951152  0.017526667 
 5196000 0.0077090602 -0.0077706352   -1.8948164  0.071181124 
 5197000 0.0079612465 -0.0079793916   -1.8778148   0.15637009 
 5198000 0.0079551798 -0.0080011863   -1.8172183   0.22636657 
 5199000 0.0077895899 -0.0078097116   -1.7819264   0.19605769 
 5200000 0.0076136705 -0.0076506306   -1.8243547   0.11958602 
 5201000 0.0077675817 -0.0077971487   -1.9341276  0.035807202 
 5202000 0.0078721905 -0.0078616174   -2.0617636 -0.067243833 
 5203000 0.0079490135 -0.0079465213   -2.0317943 -0.017567246 
 5204000 0.0079446983 -0.0079567844   -1.9964407  0.031727849 
 5205000 0.0079369795 -0.0079610589    -1.997242  0.014666216 
 5206000 0.0080214205 -0.008061851    -2.040044  0.015011796 
 5207000 0.0081644198 -0.0082019228   -2.0909862 -0.00075998463 
 5208000 0.0079855776 -0.0080153804   -2.1082395 -0.064352372 
 5209000  0.007981082 -0.0080105989   -1.9767033  0.057613653 
 5210000 0.0081492079 -0.0081664048   -1.9390067   0.14112839 
 5211000   0.00804138 -0.0080680231    -1.868031   0.18942286 
 5212000 0.0080012072 -0.0080223372   -1.8859223   0.16965944 
 5213000 0.0081416553 -0.0081915723   -1.9731314   0.12182993 
 5214000 0.0081919108 -0.0082415502   -2.0934731  0.013599462 
 5215000 0.0081609686 -0.008174291   -2.1024305 0.0049686192 
 5216000  0.008206514 -0.0082335608   -2.0912917  0.025610842 
 5217000 0.0082245217 -0.0082437226   -2.0425705  0.070301371 
 5218000 0.0081741216 -0.0081829056   -1.9490368   0.17499009 
 5219000 0.0082034727 -0.0082455906   -1.9081757   0.20996768 
 5220000 0.0080717136 -0.0080970273   -1.9284286   0.16318378 
 5221000 0.0082046143 -0.0082507896   -1.9402859   0.18184449 
 5222000 0.0083294249 -0.0083456779   -1.8954268   0.25857914 
 5223000 0.0081900322 -0.0081983746   -1.8523074   0.25504718 
 5224000 0.0081186815 -0.0081284851    -1.835733   0.24551152 
 5225000 0.0081882754  -0.00822698   -1.9652948   0.15207605 
 5226000 0.0082596349 -0.0082881769   -2.1049926  0.014856775 
 5227000 0.0084507411 -0.0085124958   -2.2031864 -0.010658592 
 5228000 0.0083985573 -0.0084314379   -2.1308525  0.020115312 
 5229000 0.0083418819 -0.0083862609   -2.0045252   0.14060354 
 5230000 0.0082691695 -0.0083210329   -1.8299091   0.28092097 
 5231000 0.0083889126 -0.0084264875   -1.8891484   0.26568611 
 5232000 0.0082986499 -0.0083797844   -1.9110267    0.2232922 
 5233000  0.008415107 -0.0084581047    -2.024414   0.14194654 
 5234000 0.0082732714 -0.0082602652   -2.0791614   0.05318686 
 5235000  0.008319635 -0.0083417162   -2.0852237  0.049235895 
 5236000 0.0082167185 -0.0082501631   -2.0537701  0.042826709 
 5237000 0.0083078022 -0.0083308936   -2.0875652  0.050946907 
 5238000 0.0082656387 -0.0082808364   -2.0283912  0.089777482 
 5239000 0.0084124377 -0.0084296809   -1.9255199    0.2290729 
 5240000 0.0083670932 -0.0084125991   -1.9088999   0.25314941 
 5241000 0.0084588882 -0.0084617981   -1.9836164   0.19065951 
 5242000 0.0084939458 -0.0085156734   -2.0115427    0.1525393 
 5243000 0.0084946624 -0.0085171861   -2.0561317   0.13367876 
 5244000  0.008478016 -0.0084896911   -2.0034682   0.16900546 
 5245000 0.0084142551 -0.0084362762   -1.9392701   0.22984402 
 5246000 0.0084353521 -0.0084904795   -1.8312388   0.34249013 
 5247000 0.0084707437 -0.0084897907   -1.8441299   0.34975056 
 5248000 0.0084927188 -0.0084959034    -1.969373   0.24007122 
 5249000 0.0085973083 -0.0086057538   -2.0688759   0.15971769 
 5250000 0.0084734808 -0.0085097974   -2.1263584   0.06932554 
 5251000  0.008455342 -0.0084727489   -2.0568513    0.1268662 
 5252000 0.0084936831 -0.0085303969   -2.0555078    0.1435017 
 5253000 0.0084588201 -0.0085142377   -2.0197533   0.18006274 
 5254000 0.0084787062 -0.0085039235   -1.9663679   0.23555523 
 5255000 0.0083731522 -0.0083963074   -1.9472445   0.22189994 
 5256000 0.0084451689 -0.0084710739   -1.9757297   0.20501429 
 5257000 0.0083478613 -0.0083591767   -2.0422709   0.11304798 
 5258000  0.008294021 -0.0083036978   -2.0242547   0.12687782 
 5259000 0.0083730513 -0.0083942934   -2.0545029   0.11251854 
 5260000 0.0084768475  -0.00849186   -2.0240575   0.16277449 
 5261000   0.00845387 -0.0084886252    -2.026183   0.15942072 
 5262000 0.0086036794 -0.0086188262   -2.0019642   0.22822997 
 5263000  0.008463472 -0.0084907673   -1.9567258   0.23222838 
 5264000  0.008534942 -0.0085583923   -2.0070521   0.20844015 
 5265000 0.0084898429 -0.0085053979   -2.1428111  0.054972963 
 5266000 0.0085502162 -0.0085559455   -2.1837206  0.027129233 
 5267000 0.0084568207 -0.0084595675   -2.1748713   0.02156589 
 5268000 0.0082766881 -0.0083305615   -2.0429756   0.10660582 
 5269000 0.0083910027 -0.0083974864   -1.9626257   0.20305212 
 5270000 0.0081922654 -0.0082067856   -1.9143978   0.19601802 
 5271000 0.0082438382 -0.0082541091    -2.011665   0.13114246 
 5272000  0.008543476 -0.0085532204   -2.1036201   0.11714884 
 5273000 0.0084708158 -0.0084904018   -2.0705036   0.11323451 
 5274000 0.0084355857 -0.0084961661   -2.0105093   0.18944192 
 5275000 0.0084927814 -0.0085072813   -1.9422403   0.25972742 
 5276000 0.0083243008 -0.0083516201   -1.8515109   0.30450305 
 5277000  0.008383596 -0.0084153867   -1.8426524   0.31446637 
 5278000 0.0083055479 -0.0083747028   -1.9532179   0.19479585 
 5279000 0.0082681547 -0.008290158   -2.0629644  0.077758595 
 5280000 0.0084495658 -0.0084991722   -2.0223138   0.16752353 
 5281000 0.0084148597 -0.0084410609   -1.8834186   0.30358813 
 5282000 0.0083044889 -0.0083348318   -1.7248833   0.42440641 
 5283000 0.0084355107 -0.0084843238   -1.7476506   0.43585741 
 5284000 0.0085568131 -0.0085281154   -1.8105506   0.38353021 
 5285000 0.0084595691 -0.0084556373   -1.8781891   0.30326305 
 5286000 0.0084621086 -0.0084761548    -1.861352   0.31693098 
 5287000 0.0084972876 -0.0085222597   -1.8601495   0.33709489 
 5288000 0.0086587326 -0.0086735098    -1.870576   0.37175964 
 5289000 0.0087622959 -0.0087667549    -1.824902   0.40754844 
 5290000 0.0084265013 -0.0084578895    -1.817543   0.35970103 
 5291000 0.0084279453 -0.008453728   -1.8579287   0.32366281 
 5292000 0.0084912349 -0.0085231847   -1.8951737   0.30122746 
 5293000 0.0084698216 -0.0084824677   -1.9945743   0.19822707 
 5294000  0.008670469 -0.008705823   -2.0681074   0.17584413 
 5295000 0.0086604512 -0.0087323301   -2.0798249   0.18071954 
 5296000 0.0086206127 -0.0086286385   -2.0175549   0.22280147 
 5297000 0.0086280155 -0.0086808718   -2.0648361   0.18490577 
 5298000 0.0086235495 -0.0086722316   -2.0339693   0.19962788 
 5299000 0.0087120666 -0.0087602311   -2.0479946   0.20137219 
 5300000   0.00851048 -0.0085540881   -2.0346604    0.1707756 
 5301000 0.0085714706 -0.0085823287   -2.0447381   0.16214982 
 5302000 0.0084885092 -0.008483244   -2.0581197   0.13697563 
 5303000 0.0084293983 -0.0084542422   -2.0522085   0.12424356 
 5304000 0.0086099772 -0.0086359417   -2.1148755   0.12330649 
 5305000 0.0085955744 -0.0086354369   -2.1279235   0.10014962 
 5306000 0.0086665699 -0.0087086348   -2.1191613   0.12448799 
 5307000 0.0087897269 -0.0088382099    -2.114342   0.16350756 
 5308000 0.0087824567 -0.0088066788   -2.0624534   0.22070838 
 5309000   0.00872983 -0.0087554513   -2.0254305   0.22840037 
 5310000 0.0087009295 -0.0087592508    -2.008983   0.24311772 
 5311000 0.0085081404 -0.0085436613   -2.0394121   0.16228784 
 5312000 0.0087011969 -0.0087287884   -2.0336795   0.21934891 
 5313000 0.0085204515 -0.0085348081   -1.9166236   0.28612758 
 5314000 0.0085200425 -0.0085554025   -1.8520073   0.35356483 
 5315000 0.0084798758 -0.0084731094   -1.8808995   0.32032573 
 5316000 0.0085159262 -0.0085538795   -1.9668832   0.25669002 
 5317000 0.0085568982 -0.0086103135   -2.0448604   0.19263036 
 5318000 0.0084846269 -0.0085304656    -2.129573  0.083672587 
 5319000 0.0083949785 -0.008407082   -2.0976777  0.089863669 
 5320000 0.0084684241 -0.0085128388    -2.030505   0.17319104 
 5321000 0.0084938888 -0.0085026062   -1.9071811   0.30702275 
 5322000 0.0083911927 -0.0083853271   -1.8590039    0.3172314 
 5323000 0.0083259858 -0.0083305586    -1.905634   0.25439548 
 5324000 0.0084211449 -0.0084414456   -1.9798303   0.19854022 
 5325000 0.0084364563 -0.0084982362   -1.9796085   0.19834424 
 5326000 0.0084511743 -0.0084877416   -1.9294322   0.24745676 
 5327000 0.0083334149 -0.0083637228   -1.8290855   0.32284567 
 5328000 0.0083726438 -0.0084150819   -1.7854634   0.37359007 
 5329000 0.0083776163 -0.0083989414   -1.7862893   0.38678487 
 5330000 0.0084323612 -0.0084882053   -1.8484934   0.33355942 
 5331000 0.0082131191 -0.0082460502   -2.0109475   0.11744758 
 5332000 0.0084086384 -0.0084410247   -2.0638592   0.10264542 
 5333000 0.0083592015 -0.008390424   -1.9792791   0.17366221 
 5334000 0.0082840437 -0.0083266118   -1.9194926   0.21594053 
 5335000 0.0084032281 -0.0084222375   -1.9156206   0.25745031 
 5336000 0.0084700144 -0.0085169962   -1.9385638   0.27543854 
 5337000 0.0083981921 -0.0084314373   -1.8931559   0.28461463 
 5338000 0.0084041017 -0.0084169066   -1.9227526   0.24621558 
 5339000 0.0084297259 -0.0084369912   -1.9607353   0.22092912 
 5340000 0.0084422946 -0.008481863   -2.0385689   0.16219243 
 5341000  0.008320149 -0.0083532937   -2.0625151  0.093084386 
 5342000 0.0083837657 -0.0084531153   -2.0515265   0.12031634 
 5343000 0.0082076136 -0.0082412123   -1.9121194   0.20963699 
 5344000 0.0083693764 -0.0084129151   -1.8946578    0.2676336 
 5345000 0.0084961229 -0.0085247822   -1.9053761   0.28878859 
 5346000 0.0084365755 -0.008438362   -1.9552839   0.22205116 
 5347000 0.0085965901 -0.0086058754   -2.0399461   0.17199585 
 5348000 0.0086001851 -0.008662737   -2.0867892   0.13242679 
 5349000 0.0086206579 -0.0086683904   -2.0453517   0.18305499 
 5350000 0.0086413561 -0.0086551135   -2.0074724   0.21525361 
 5351000 0.0085411015 -0.0085448323   -1.9683717   0.22738333 
 5352000 0.0082632377 -0.008280411   -1.8876514   0.24237158 
 5353000 0.0084396236 -0.0084259201   -1.9404105   0.22395735 
 5354000  0.008522444 -0.0085321612   -1.8993287     0.273227 
 5355000  0.008443585 -0.008445529   -1.8838999   0.26541368 
 5356000 0.0084915346 -0.0085236825   -1.8883066   0.27001308 
 5357000 0.0085369034 -0.0085740677   -1.9878976   0.21103904 
 5358000 0.0085637418 -0.0085976113   -2.0643287   0.14184934 
 5359000 0.0085758661 -0.0085704816   -2.0380185   0.17185073 
 5360000 0.0085600619  -0.00857742   -1.9517597    0.2636858 
 5361000   0.00865228 -0.0086511501   -1.8195996   0.40536676 
 5362000 0.0085639235 -0.0085555111   -1.7670005   0.42730329 
 5363000 0.0086015599 -0.0086041093   -1.9031283   0.31631713 
 5364000 0.0087143565 -0.0087144263   -2.0138806   0.23420253 
 5365000 0.0085583005 -0.0085600494   -2.0314636     0.172209 
 5366000 0.0086715183 -0.0087024474   -2.0257415   0.20725628 
 5367000  0.008737577 -0.0087249967   -1.9690624   0.27579233 
 5368000 0.0086855152 -0.0087335298   -1.9363479   0.30059027 
 5369000 0.0085664244 -0.0086027806   -1.8892238   0.29627914 
 5370000 0.0085387319  -0.00856939   -1.9230221   0.26697991 
 5371000 0.0084875752 -0.0084893883   -1.9274821    0.2371408 
 5372000 0.0085992024 -0.0086300251   -1.8516949   0.33130457 
 5373000 0.0086492275 -0.0086729275     -1.83535   0.37164388 
 5374000 0.0085935727 -0.0086035943   -1.7968283   0.39826072 
 5375000 0.0086680018 -0.0086711908   -1.8134712    0.4117702 
 5376000 0.0086568928 -0.0087166334   -1.9301535   0.28467274 
 5377000 0.0085781934 -0.0086051788   -2.0068053   0.18112483 
 5378000 0.0086429576 -0.0086710903   -1.9590413   0.24761799 
 5379000 0.0086208284 -0.0086290419   -1.8166522   0.39520453 
 5380000 0.0086749349 -0.0086803348   -1.6641348   0.56048612 
 5381000 0.0085866641 -0.0086048347   -1.6345991    0.5477128 
 5382000 0.0085394163 -0.0085623058   -1.6617767   0.52385129 
 5383000 0.0085698522 -0.0085862476   -1.8611267   0.32456675 
 5384000 0.0085505581 -0.0085798698   -2.0891919   0.10407816 
 5385000 0.0084186845 -0.0084530789   -2.1100679  0.048748385 
 5386000 0.0086167571 -0.0086537136   -2.0627887   0.14675304 
 5387000   0.00857669 -0.008556545   -1.8852096    0.3289861 
 5388000  0.008720864 -0.0087468075   -1.8048167     0.433152 
 5389000 0.0086595015 -0.0087161928   -1.7213732   0.49900274 
 5390000 0.0086480434 -0.008668026   -1.8286685   0.38934554 
 5391000 0.0086337601 -0.008652334   -1.9717768   0.24507263 
 5392000 0.0086323842 -0.0086534207   -2.0225576   0.18944839 
 5393000 0.0087354704 -0.0087804559   -1.9768515   0.26958131 
 5394000 0.0086675962 -0.0086703564   -1.8906969   0.33911406 
 5395000   0.00870533 -0.0087149096   -1.8605818   0.38064895 
 5396000 0.0087523036 -0.0087498305   -1.8803056   0.35316053 
 5397000 0.0085818542 -0.0086128288   -1.8704405   0.33773932 
 5398000 0.0085558925 -0.0085807431   -1.9258919   0.26833517 
 5399000 0.0084589863 -0.0084728597   -1.9031314   0.26312289 
 5400000 0.0085519779 -0.0085400805   -1.9130042   0.27561237 
 5401000 0.0087331619 -0.0087231147   -1.8892865   0.35799205 
 5402000  0.008544018 -0.0085603776   -1.8202496   0.37081709 
 5403000 0.0088350992 -0.0088616083    -1.798159   0.45731573 
 5404000  0.008668873 -0.0086998481   -1.8071648   0.41443145 
 5405000 0.0086215554 -0.0086235111   -1.9472011   0.25912704 
 5406000  0.008615733 -0.0086351196   -2.0902479    0.1130768 
 5407000 0.0087290921 -0.0088089942   -2.1416856  0.097512306 
 5408000 0.0088323053 -0.008873287   -2.1618469   0.11312329 
 5409000 0.0087673472 -0.0087921385   -2.0355953   0.23210128 
 5410000 0.0088062878 -0.0088288526   -1.9407537   0.34176228 
 5411000 0.0089135817 -0.0089277944   -1.8442376   0.43506918 
 5412000 0.0088497961 -0.008887053   -1.7992114   0.47930458 
 5413000 0.0089985243 -0.0090339386   -1.9220701   0.39546622 
 5414000  0.009055645 -0.0090663578   -2.0300115   0.29518598 
 5415000 0.0089229776 -0.0089508433   -2.0821386   0.19042384 
 5416000 0.0090297379 -0.0090695738   -2.0707656   0.26242027 
 5417000  0.008905314 -0.008923041   -1.9223678   0.36046759 
 5418000 0.0088848194 -0.0089130441   -1.8680701    0.4135092 
 5419000 0.0089148483 -0.008941816   -1.9115352   0.37401705 
 5420000 0.0090545516 -0.0090917835   -2.0423355   0.30056447 
 5421000 0.0091022192 -0.0091253262   -2.1547072   0.19581525 
 5422000 0.0089383135 -0.0089313004   -2.1382773     0.142479 
 5423000 0.0087585843 -0.0088217672   -2.0591825   0.20117772 
 5424000 0.0087701172  -0.00878044   -1.9372091   0.31325153 
 5425000 0.0089584984 -0.0089973671   -1.8674663   0.44131333 
 5426000 0.0087789541 -0.0087899618   -1.8960752   0.36490746 
 5427000 0.0089202133 -0.008933283   -1.9559445   0.32980208 
 5428000 0.0088215996 -0.0088431251   -1.9561638    0.3027068 
 5429000 0.0088312302 -0.0088714975   -1.9989889   0.26884069 
 5430000  0.008711315 -0.0087391987   -1.9366401   0.31141586 
 5431000 0.0088254481 -0.0088483245    -1.923757   0.34280264 
 5432000 0.0087718187 -0.0087799588   -1.8736395   0.38976828 
 5433000 0.0087874322 -0.0088205868   -1.8896686   0.38015146 
 5434000 0.0087352591 -0.0087604357   -1.9804391    0.2676569 
 5435000 0.0089254761 -0.0089642607   -2.0663239   0.25158694 
 5436000 0.0089799489 -0.0090095226    -1.998292   0.30510962 
 5437000 0.0088623203 -0.0088846386   -1.9039298   0.40428224 
 5438000 0.0088986839 -0.0089150578   -1.8271145   0.46258572 
 5439000 0.0089575641 -0.0089692327   -1.9068953   0.41470651 
 5440000 0.0087909232 -0.0088193175   -2.0298363   0.24814104 
 5441000 0.0090169528 -0.0090524375   -2.0839249   0.24360962 
 5442000 0.0088955374 -0.0088887215   -1.9564856   0.32967299 
 5443000 0.0090441821 -0.009065165   -1.8875645   0.42753851 
 5444000 0.0088920338 -0.008903706   -1.9069919   0.37067947 
 5445000 0.0090106845 -0.0090122522   -1.9653465   0.33495185 
 5446000  0.009011579 -0.0090337036    -1.888779   0.42050173 
 5447000 0.0088511564 -0.0088601273   -1.7024209   0.56565248 
 5448000 0.0087458382 -0.0087646141   -1.6407308   0.59523521 
 5449000 0.0088136286 -0.0088051134   -1.7696282   0.47808987 
 5450000 0.0088066337 -0.0087874689   -1.9447891   0.29052769 
 5451000 0.0088048896 -0.0087904556    -2.058732   0.17299716 
 5452000 0.0088099796 -0.0087904837   -1.9934335   0.23393475 
 5453000 0.0088708102 -0.0088486355   -1.9549389   0.30751844 
 5454000 0.0087286139 -0.0087348881   -1.8649025   0.35487142 
 5455000 0.0088600965 -0.0088468392   -1.9186756   0.33736292 
 5456000 0.0087250306 -0.0087431351   -1.9484133   0.27022047 
 5457000 0.0088189052 -0.0088325933   -2.0098602   0.23337679 
 5458000 0.0089310781 -0.0089413346   -2.0811234    0.2009273 
 5459000 0.0088002394 -0.0087876389   -2.0260922   0.20939458 
 5460000 0.0087573539 -0.0087675879   -1.8990716   0.32096679 
 5461000  0.008713355 -0.0087333281   -1.8357486   0.38478189 
 5462000 0.0087673424 -0.008778498   -1.8750619   0.37073292 
 5463000 0.0086833041 -0.0086679612   -1.9929322    0.2293765 
 5464000 0.0085542163 -0.0085862124   -2.1019309  0.095811506 
 5465000 0.0085689544  -0.00859863   -2.1622705  0.026411306 
 5466000 0.0084985936 -0.0085124472   -2.1087972  0.077295967 
 5467000 0.0083789976 -0.0084228318   -2.0159139   0.13572463 
 5468000 0.0083581564 -0.0084058475   -1.9983052   0.14512061 
 5469000 0.0085060887 -0.0085026448   -1.9871713   0.18069595 
 5470000 0.0086616453 -0.0086769304   -2.0254381   0.19540754 
 5471000 0.0084079037 -0.0084339534   -2.0605022   0.10439096 
 5472000  0.008579989 -0.0086135483   -2.1443074  0.047365616 
 5473000 0.0086288837 -0.0086718622    -2.086762   0.11319364 
 5474000 0.0085571336 -0.0085872949   -1.9337513   0.26151277 
 5475000 0.0086704733 -0.0086880871   -1.8352116    0.3914178 
 5476000 0.0085360313 -0.0085592045   -1.8377163   0.35532534 
 5477000 0.0085585963 -0.0085721051   -1.9327284   0.27671749 
 5478000 0.0085219672 -0.0085703139   -2.0750521   0.12345308 
 5479000 0.0084590172 -0.0084460154   -2.1301158  0.031455793 
 5480000 0.0084385686 -0.0084189427   -2.0473262  0.095807506 
 5481000 0.0085125572 -0.0085085615   -1.9575976   0.21166531 
 5482000 0.0085534822 -0.0085835298   -1.9352027   0.25167848 
 5483000 0.0085919318 -0.0086445973   -1.8877534    0.3197304 
 5484000  0.008427333 -0.0084503859   -1.8469868    0.3113494 
 5485000 0.0085390038 -0.0085455503   -1.9180198   0.27318895 
 5486000 0.0085507499 -0.0085890149    -1.965886   0.21959411 
 5487000 0.0087139264 -0.0087449819   -1.9537555   0.27714942 
 5488000 0.0086983035 -0.0086985373   -1.8970762   0.33025431 
 5489000 0.0085233348 -0.0085805492   -1.8479884   0.33515906 
 5490000 0.0086105828 -0.0086346311   -1.8519388   0.34621854 
 5491000  0.008862255 -0.0088658602   -1.8887572   0.37543113 
 5492000 0.0088957128 -0.0089513708   -1.9317546   0.36386648 
 5493000 0.0087929334 -0.0088138666   -1.8261551   0.43967214 
 5494000 0.0089080525 -0.0089044682   -1.8293974   0.47474659 
 5495000 0.0088090028 -0.0088295769   -1.8680018   0.41606211 
 5496000 0.0087985263 -0.0088204168   -1.8959743   0.37524369 
 5497000 0.0088388535 -0.0088416768   -1.9086347   0.37330709 
 5498000 0.0087500599 -0.0087752579   -1.8256589   0.42985604 
 5499000 0.0087789723 -0.0088126593   -1.7778859    0.4804252 
 5500000  0.008994547 -0.0090001139   -1.8387532   0.46657466 
 5501000 0.0088578562 -0.0088693411   -1.9231459   0.35396873 
 5502000 0.0087737477 -0.0088008287   -1.9751799   0.27664981 
 5503000 0.0088398323 -0.0088678104   -2.0771731   0.20515658 
 5504000 0.0089286414 -0.0088972276   -2.1136751   0.19000822 
 5505000 0.0088102504 -0.0088081076   -2.0756688   0.19894426 
 5506000 0.0089900892 -0.009046764   -1.9500063   0.36499359 
 5507000 0.0089948586 -0.0089795889   -1.8009403   0.50036972 
 5508000 0.0089744723 -0.0090060262   -1.7107165   0.61336294 
 5509000 0.0089967874 -0.0089508656    -1.797979   0.50009056 
 5510000 0.0090585418 -0.0090587379   -1.9054508   0.43289323 
 5511000  0.009059816 -0.0090631423   -2.0655057   0.26064897 
 5512000 0.0091159526 -0.0090943901   -2.1465407   0.19475148 
 5513000 0.0093388736 -0.0093422837   -2.0849781    0.3089918 
 5514000 0.0092222171 -0.0092512856   -1.9207299   0.45150924 
 5515000 0.0093312363 -0.009365744   -1.8191729   0.58023388 
 5516000 0.0093519301 -0.0093708846   -1.8518554   0.55689874 
 5517000 0.0093023222 -0.0093236251   -1.9493846   0.45371243 
 5518000    0.0092167 -0.0092232724   -2.0339878   0.33937776 
 5519000 0.0092604823 -0.0092776734   -2.0468115   0.34277675 
 5520000 0.0091437511 -0.0091450278    -1.948489   0.40996341 
 5521000 0.0090648696 -0.0090701224   -1.8124346    0.5152116 
 5522000 0.0092383748 -0.0092447257   -1.8455228   0.52489245 
 5523000 0.0092687718 -0.0092802492    -1.917852    0.4634233 
 5524000 0.0093644908 -0.009360572   -1.9704659   0.43480565 
 5525000 0.0093321715 -0.009345415   -2.0058703   0.38749425 
 5526000 0.0093385971 -0.0093383349   -2.0269123     0.376709 
 5527000 0.0091565238 -0.0091684461   -1.9472905   0.40745862 
 5528000  0.009248974 -0.0092534545   -1.8796361   0.50936715 
 5529000 0.0092460106 -0.009252891   -1.8528629   0.52817051 
 5530000  0.009326096 -0.0093272013    -1.897184   0.48191612 
 5531000 0.0091454837 -0.0091726189   -1.9480118   0.39274703 
 5532000 0.0088961084 -0.0088811585   -2.0080802   0.24986481 
 5533000 0.0092427732 -0.0092558146   -2.1391232   0.22624534 
 5534000 0.0090670646 -0.0090619814   -2.0562648   0.26730515 
 5535000 0.0092482104 -0.0092577358   -2.0566143   0.31208465 
 5536000 0.0090879055 -0.0090950469    -2.057805   0.26960967 
 5537000 0.0090471843 -0.0090792152   -2.1530553   0.16405574 
 5538000 0.0090540675 -0.0090921283   -2.1381893   0.19235628 
 5539000  0.009039363 -0.0090548571   -2.0847142   0.24266026 
 5540000 0.0091710408 -0.0092017315   -1.9320417   0.41982068 
 5541000 0.0090806842 -0.0091148822   -1.9141212   0.41143541 
 5542000 0.0088889567 -0.0089071544   -1.9557006   0.31709454 
 5543000 0.0088116932 -0.008839324    -2.073026   0.17463325 
 5544000  0.008903497 -0.0089142177    -2.102335   0.14811383 
 5545000 0.0089499955 -0.0089525963   -2.0744705   0.18907906 
 5546000 0.0087571414 -0.008778804   -1.9378615   0.26948184 
 5547000 0.0089924903 -0.0090345217   -1.9066178    0.3802127 
 5548000 0.0090446257 -0.0090574798   -1.9388114   0.36456004 
 5549000 0.0088990068 -0.0089112597   -1.9928568   0.28250543 
 5550000 0.0089936646 -0.0090214796   -2.0450817   0.25664379 
 5551000 0.0089987556 -0.0090424754   -2.0633054   0.26299511 
 5552000 0.0090376159 -0.0090625493    -1.994271   0.31810301 
 5553000 0.0089843801 -0.0089707545   -2.0006715   0.29476564 
 5554000 0.0088718204 -0.0089041455   -2.0418231   0.23271885 
 5555000 0.0089624943 -0.0089624309    -2.106766   0.17909932 
 5556000 0.0088807371 -0.0089082068   -2.1794263   0.10163495 
 5557000 0.0090290387 -0.0090398193   -2.1727879    0.1368245 
 5558000 0.0089055177 -0.0089400388   -2.0765026   0.20667311 
 5559000 0.0090906052 -0.0090771043   -1.9962846   0.32969451 
 5560000 0.0089422388 -0.0089852564   -1.9440133   0.34996994 
 5561000 0.0086871951  -0.00871025   -1.9519663    0.2667506 
 5562000 0.0086023191 -0.0085963552   -2.0095892   0.18342186 
 5563000 0.0088830505 -0.0088706037   -2.0212126   0.25110586 
 5564000 0.0088501332 -0.008871793   -1.9658342   0.28222602 
 5565000 0.0087845469 -0.0087999282   -1.8833107    0.3482901 
 5566000 0.0089107017 -0.008912114   -1.8425996   0.42375209 
 5567000 0.0087869073 -0.0087895723    -1.762999   0.46737599 
 5568000 0.0087236986 -0.0087024202   -1.8011544   0.42710643 
 5569000 0.0088716564 -0.0088763729   -1.9345374   0.32498877 
 5570000 0.0088155802 -0.0088330836   -2.1125584   0.14840161 
 5571000 0.0085798811 -0.0085771027   -2.0983483   0.09261898 
 5572000 0.0087426728 -0.0087339719   -2.0006176   0.22352186 
 5573000 0.0085781488 -0.0085585001   -1.8827029   0.30010976 
 5574000 0.0087066172 -0.0086992748   -1.9067771   0.30437185 
 5575000 0.0087599185 -0.0087612783   -2.0574672   0.16919876 
 5576000  0.008756089 -0.0087645674   -2.1419174  0.087611249 
 5577000 0.0089456013 -0.0089781703   -2.1263798   0.14376161 
 5578000 0.0089170108 -0.0089074277   -2.0461862   0.22309094 
 5579000 0.0087396037 -0.0087236828   -1.9489336   0.26205006 
 5580000 0.0087927424 -0.008796067   -1.9311199   0.29902184 
 5581000 0.0087934458 -0.0088132673   -2.0394413   0.21954743 
 5582000 0.0088591121 -0.0088941159   -2.0190715   0.24145802 
 5583000 0.0088271507 -0.0088618731   -1.9079541    0.3542615 
 5584000 0.0086613105 -0.0086623806     -1.81157   0.40510615 
 5585000 0.0089564363 -0.0089533755   -1.8595093   0.42795556 
 5586000 0.0088901604 -0.0089191631   -1.9634189   0.30359103 
 5587000 0.0089480593 -0.0089709052   -2.0361363   0.24069412 
 5588000 0.0090107689 -0.0090291253   -2.1241489   0.17906325 
 5589000 0.0090260803 -0.0090579125   -2.1671134   0.14934391 
 5590000 0.0091041048 -0.0091255042   -2.1400588   0.18128423 
 5591000 0.0090154002 -0.0090210887   -2.0660896   0.23882287 
 5592000 0.0089388658 -0.0089857295   -2.0355947   0.25107172 
 5593000 0.0087282314 -0.0087166122   -2.0346703   0.19554142 
 5594000 0.0087492357 -0.0087474382   -1.9869642   0.23448693 
 5595000  0.008701565 -0.008714585   -1.9544357   0.28433512 
 5596000 0.0087882618 -0.0088031969   -2.0228721   0.21355743 
 5597000    0.0089183 -0.0089430982   -2.1194311    0.1674859 
 5598000 0.0087157861 -0.0087400463   -2.0884307   0.13304815 
 5599000 0.0087276046 -0.0087554424   -2.0057224   0.20502152 
 5600000 0.0087185045 -0.0087551478   -1.9365253   0.28413862 
 5601000 0.0088525399 -0.0089024617   -1.9695696   0.28478826 
 5602000 0.0087661875 -0.0087994952   -2.0387226   0.19898788 
 5603000 0.0087776396 -0.0088274474   -2.1532828  0.075931711 
 5604000 0.0087190749 -0.0087519418   -2.2100226  0.014672594 
 5605000 0.0087640923 -0.0088053716   -2.1482564  0.086931388 
 5606000 0.0087008823 -0.0087285989   -2.0550188    0.1679646 
 5607000  0.008627094  -0.00865665   -2.0120995   0.19092943 
 5608000 0.0087049118 -0.0087451808   -2.0597907   0.16604321 
 5609000  0.008707533 -0.0087536699   -2.0367532   0.19599863 
 5610000 0.0088507949 -0.0088890682   -2.0486899     0.215078 
 5611000 0.0088009468 -0.0088484381   -1.9558774   0.29133784 
 5612000 0.0089886518 -0.009017346    -2.024958   0.27300758 
 5613000  0.008945231 -0.0089810937   -2.0543783   0.23135245 
 5614000 0.0089890736 -0.0090526823    -2.095294   0.20786438 
 5615000 0.0088334088 -0.0088556611   -2.1154155   0.13439008 
 5616000 0.0086765484 -0.0086873903   -2.0992227   0.11062926 
 5617000 0.0086938917 -0.0087166532   -2.0161016   0.20449229 
 5618000 0.0088319507 -0.008888302   -1.9444184   0.30239111 
 5619000 0.0088795243 -0.008892189   -1.9516105   0.31761621 
 5620000 0.0089460547 -0.0089996163     -2.02853   0.26461993 
 5621000 0.0089887355 -0.0090513122   -2.1264518   0.18277513 
 5622000  0.008990798 -0.0090164374   -2.1156363   0.19462317 
 5623000  0.009115459 -0.009129307   -2.1104618   0.23092055 
 5624000 0.0087672504 -0.008800037   -2.0259099   0.21496775 
 5625000 0.0088415303 -0.0088841083   -1.9672339   0.29273536 
 5626000 0.0088131933 -0.0088059923   -1.9993616   0.24328409 
 5627000 0.0090053623 -0.009030164   -2.0537852   0.25634926 
 5628000 0.0089069119 -0.0089679151   -2.0325374   0.24063084 
 5629000 0.0091019409 -0.009108117   -2.0535516   0.26795004 
 5630000 0.0089860123 -0.0090355856   -2.0439487   0.25197444 
 5631000 0.0090660449 -0.0090839341   -2.1025475   0.21618616 
 5632000  0.009109725 -0.0091129479   -2.1245623    0.1982559 
 5633000 0.0090527814 -0.0090746676   -2.1745722   0.15754501 
 5634000 0.0090043626 -0.0090238685    -2.113473   0.19719439 
 5635000 0.0090606294 -0.0090741044   -2.1439986   0.17338575 
 5636000 0.0091204017 -0.0091500939   -2.1811367   0.15287562 
 5637000 0.0090500126 -0.0090767638   -2.1771038   0.14162767 
 5638000 0.0088847964 -0.008911998   -2.0699444   0.19382788 
 5639000 0.0090352979 -0.0090234626    -2.032495   0.27218625 
 5640000 0.0090203254 -0.0090112587   -2.0404001   0.26899012 
 5641000 0.0090727613 -0.0090704357   -2.0600628   0.27193302 
 5642000 0.0089917692 -0.0090177328   -2.1398321   0.15976249 
 5643000 0.0090014977 -0.0090255002   -2.1922277   0.10467113 
 5644000 0.0089558596 -0.0089771463   -2.2029021  0.085950506 
 5645000 0.0091718372 -0.0091825468   -2.2429519   0.10786613 
 5646000 0.0089727848 -0.0089985044   -2.1195472   0.16887853 
 5647000 0.0089725318 -0.008976389   -2.1081776   0.18210757 
 5648000 0.0088782406 -0.0088698225   -2.0294282   0.22911975 
 5649000 0.0090624941 -0.0091027184    -2.031272   0.27654768 
 5650000 0.0091380826 -0.0091947136   -2.1059784    0.2331541 
 5651000 0.0092242943 -0.0092360344   -2.1081217   0.23704343 
 5652000 0.0090595603 -0.0090623985   -2.0984613   0.21753166 
 5653000 0.0091594984 -0.0091818978   -2.0778803   0.25049957 
 5654000 0.0091369631 -0.0091698676   -2.1051696   0.23141537 
 5655000 0.0093216202 -0.0093441551   -2.1598505   0.21834101 
 5656000 0.0092587805 -0.0093012326   -2.1340019   0.22433824 
 5657000 0.0090651648 -0.0090965104   -2.0208855   0.28514302 
 5658000 0.0092951449 -0.0092915236   -1.9763531   0.39415635 
 5659000 0.0093511514 -0.0093562419   -1.9759663   0.41128797 
 5660000 0.0092573557 -0.0092561574   -2.1050257   0.25934504 
 5661000 0.0092419451 -0.0092595121   -2.1660796   0.19173076 
 5662000 0.0091707944 -0.0091829704   -2.1676337    0.1598776 
 5663000 0.0092476005 -0.0092375698    -2.222335   0.14212885 
 5664000 0.0092513677 -0.0092632702   -2.2452483   0.11697216 
 5665000 0.0091419501 -0.0091435179   -2.1524304   0.15989356 
 5666000 0.0090593341 -0.0090976575    -2.044222   0.26981086 
 5667000 0.0090129918 -0.0090301723     -1.87398   0.42050952 
 5668000  0.009243652 -0.0092320911    -1.917184   0.42742307 
 5669000 0.0091362772 -0.0091753296   -1.9586269   0.38686234 
 5670000 0.0093583298 -0.0093910242   -2.0415429   0.35984516 
 5671000 0.0091880556 -0.0091739632   -2.0455416   0.28942081 
 5672000 0.0090737384 -0.0090671274   -2.0170754   0.29311084 
 5673000  0.009158159 -0.009138818   -2.0039493   0.31071012 
 5674000 0.0091050963 -0.0090849945   -2.0566123   0.25323887 
 5675000 0.0091573487 -0.0091739627   -2.0876838   0.24553648 
 5676000 0.0091652164 -0.0091851792    -2.068966   0.24966221 
 5677000 0.0090662157 -0.0090846328   -2.0315113   0.27665565 
 5678000 0.0091791043 -0.0091662962   -1.9522619   0.38352832 
 5679000 0.0091811403 -0.0092264497   -1.7995368   0.53884083 
 5680000 0.0090905866 -0.0091197653   -1.7702475   0.53468999 
 5681000  0.008957538 -0.0089647047   -1.8319938   0.42994372 
 5682000 0.0091759195 -0.0091827004   -1.9534346   0.37514872 
 5683000 0.0092427591 -0.0092458423   -1.9665752   0.37259111 
 5684000 0.0090253359 -0.0090435204   -1.9947029   0.28399341 
 5685000 0.0091621047 -0.0091593751   -1.9615108   0.34879465 
 5686000 0.0089858791 -0.009004089   -1.9468052    0.3247473 
 5687000 0.0090035103 -0.009000201   -1.8993755   0.37140935 
 5688000 0.0089537687 -0.0089529888   -1.8932818    0.3604544 
 5689000 0.0089313212 -0.0089452276   -1.8506264   0.39092191 
 5690000 0.0089846894 -0.0090118484   -1.8967678   0.37876158 
 5691000 0.0089446719 -0.0089391724   -1.8735662   0.36845738 
 5692000 0.0089722724 -0.0089954946   -1.9140099   0.36496988 
 5693000 0.0089648225 -0.009009133   -1.9449396   0.33190412 
 5694000 0.0088690616 -0.0088993293   -1.9854887   0.26238087 
 5695000 0.0086912115 -0.0087010859    -1.942326   0.27033361 
 5696000 0.0088721295 -0.0088959322   -1.9719106   0.27413934 
 5697000  0.008952859 -0.0089741376   -2.0047068   0.26183068 
 5698000 0.0089922644 -0.0090093071   -1.9953242   0.28094585 
 5699000 0.0090503449 -0.0090550117   -1.9475333   0.35958272 
 5700000 0.0090838619 -0.0091058156    -2.027803   0.27446732 
 5701000 0.0090793768 -0.0091004825   -2.0942724   0.19836809 
 5702000 0.0090515996 -0.009069617    -2.182657   0.11146523 
 5703000 0.0089639814 -0.0089826676   -2.1580546   0.12538715 
 5704000 0.0090911348 -0.0090710687   -2.1589914   0.12529863 
 5705000 0.0089356532 -0.0089543974   -2.1019243   0.15514836 
 5706000 0.0090937521 -0.0091198595   -2.1059449   0.18773615 
 5707000 0.0090489919 -0.009081721   -2.0940334   0.20280823 
 5708000 0.0089176135 -0.0089344848   -2.1046234   0.15322553 
 5709000  0.009030802 -0.0090843589   -2.0499222   0.24714004 
 5710000 0.0089692544 -0.0090166471    -2.049295   0.23248349 
 5711000 0.0089297873 -0.0089392087    -2.058877   0.18577318 
 5712000 0.0089961817 -0.0090273828   -2.0589668   0.22809209 
 5713000 0.0089486847 -0.0089233291    -2.013743   0.26504171 
 5714000 0.0088784686 -0.0088845929   -2.0037279    0.2508903 
 5715000 0.0088034172 -0.0088267177   -2.0451527     0.202011 
 5716000 0.0088924428 -0.0089227463   -2.1220434   0.13656018 
 5717000 0.0090453061 -0.0090312648   -2.2353716  0.066681341 
 5718000 0.0089089632 -0.0089488574   -2.2258001  0.034238494 
 5719000 0.0090023205 -0.0089960683   -2.0353637   0.24396697 
 5720000 0.0089534856 -0.0089690643   -1.8647415   0.40945777 
 5721000 0.0090444585 -0.0090506893   -1.8221385   0.46555463 
 5722000 0.0089550238 -0.0089524641   -1.9417582   0.34388256 
 5723000 0.0091158309 -0.0091240501   -2.0273708   0.30462846 
 5724000 0.0091095024 -0.0091285114   -2.1266202   0.20729769 
 5725000 0.0090370263 -0.0090800921    -2.126732   0.18725782 
 5726000 0.0089391865 -0.0089400391   -2.0480478   0.22288962 
 5727000 0.0089832426 -0.0089925539   -1.9067677   0.37074756 
 5728000 0.0089015129 -0.0089208134   -1.8839539   0.38542948 
 5729000 0.0088414813 -0.0088820244   -1.9572875   0.27816483 
 5730000 0.0089541857 -0.0089516992   -2.0916011   0.17339375 
 5731000 0.0090244622 -0.0090433209   -2.1537959   0.13486104 
 5732000 0.0089078924 -0.0089240727    -2.148132   0.10634931 
 5733000 0.0090457786 -0.0090610992   -2.1766312   0.10080187 
 5734000 0.0090668121 -0.0090699098   -2.1109983   0.17252423 
 5735000 0.0090329183 -0.0090503288   -2.0386392   0.23317357 
 5736000 0.0089406977 -0.0089475072   -2.0182378   0.25131966 
 5737000 0.0088366559 -0.0088486923   -2.0268651   0.20595274 
 5738000  0.008976487 -0.0090145152   -2.0676148   0.19080702 
 5739000 0.0088802879 -0.0089038258   -2.0748183   0.17246812 
 5740000 0.0086934006 -0.0086835942   -2.0494975   0.14936742 
 5741000 0.0088430551 -0.0088578547   -1.9846775   0.25330006 
 5742000  0.008835339 -0.0088718961    -1.959963    0.2614455 
 5743000 0.0089020016 -0.0089084312   -2.0500049   0.20712023 
 5744000  0.008887735 -0.0088585114   -2.2019486  0.053879152 
 5745000 0.0088364261 -0.0088375458   -2.2395803 -0.0088867273 
 5746000 0.0088849432 -0.0089261394   -2.2090986  0.048334021 
 5747000 0.0088302049 -0.0088450498   -2.0669201    0.1718561 
 5748000 0.0089045225 -0.0089187586   -1.9378174   0.32165876 
 5749000  0.008826236 -0.0088311879   -1.9860457   0.25152631 
 5750000 0.0089525456 -0.008931487   -2.0997329   0.16176964 
 5751000 0.0087571691 -0.0087914777   -2.1471569  0.068205182 
 5752000 0.0087353817 -0.0087610403   -2.1375081  0.076833588 
 5753000  0.008813468 -0.0088224145   -2.0915394   0.14718895 
 5754000 0.0087744998 -0.0088029165   -1.9798338    0.2492087 
 5755000 0.0087796931 -0.0088020167   -1.9539432   0.26600677 
 5756000 0.0087855403 -0.0087820154   -1.9733217    0.2533415 
 5757000  0.008792792 -0.0087990381   -2.0360156    0.1893155 
 5758000 0.0088563668 -0.0088947818   -2.0692148   0.17185441 
 5759000 0.0087108447 -0.0087605541   -2.1015561    0.1115262 
 5760000 0.0088162279 -0.008839306   -2.0088819   0.21595059 
 5761000  0.008700197 -0.0087312666   -1.9761382   0.23162573 
 5762000 0.0086480206 -0.008692599    -2.011215    0.1802377 
 5763000  0.008687866 -0.0087298939   -2.0613103    0.1621386 
 5764000 0.0086386445 -0.0086918222   -2.0434928   0.14959997 
 5765000 0.0086198814 -0.0086521185   -2.0583045   0.12260169 
 5766000 0.0088377086 -0.0088448843    -2.134567   0.10045087 
 5767000 0.0088693277 -0.0088854112    -2.136437   0.11830398 
 5768000 0.0088447401 -0.0088624022   -2.0521595   0.19272762 
 5769000 0.0087348558 -0.0087267624   -2.0018255   0.20555243 
 5770000 0.0087449701 -0.0087727997   -2.0832484   0.12566823 
 5771000 0.0086828858 -0.008707529   -2.1772808  0.015237158 
 5772000 0.0085933911 -0.0086220236   -2.1316868  0.027191935 
 5773000 0.0086539538 -0.0086810806   -2.0594884   0.12908173 
 5774000 0.0086962563 -0.0087283293   -1.9259918   0.26578955 
 5775000 0.0086061836 -0.0086298824   -1.9900348   0.18717171 
 5776000 0.0086358762 -0.0086765042   -2.0556378   0.13235624 
 5777000 0.0086651369 -0.0086808703   -2.1424081  0.040094326 
 5778000 0.0086774581 -0.0086854269   -2.1085542  0.088386272 
 5779000  0.008611286 -0.0086118751   -2.0692555  0.094196405 
 5780000  0.008661607 -0.0086552258   -2.0762397  0.088587526 
 5781000 0.0087497986 -0.0087766355   -2.0702333   0.12763447 
 5782000 0.0086686062 -0.0087060392   -2.0578397   0.11170205 
 5783000 0.0087423596 -0.0087630899   -2.0066364    0.1689186 
 5784000 0.0088300183 -0.0088415128   -2.0115272   0.20267418 
 5785000 0.0086209125 -0.008635002   -1.9564729   0.20525626 
 5786000 0.0086382304 -0.0086497598   -1.9757037   0.19637273 
 5787000 0.0087347749 -0.0087421861   -1.9398616   0.25184705 
 5788000 0.0085543021 -0.008533629   -1.8442771   0.29667656 
 5789000 0.0086182396 -0.0086749234   -1.8489168   0.31037602 
 5790000 0.0086004327 -0.0086328502   -1.9424667   0.21504628 
 5791000 0.0087281766 -0.0087540361   -2.0018616   0.19086847 
 5792000 0.0087143097 -0.0087301605   -1.9618879   0.22530809 
 5793000 0.0085807091 -0.0086075863   -1.8995189   0.23964754 
 5794000 0.0086583392 -0.0086838459   -1.8904927   0.27465188 
 5795000 0.0086202536 -0.0086717491   -1.9592882   0.19956856 
 5796000 0.0087484138 -0.0087583973   -2.0886579   0.10781286 
 5797000 0.0087271773 -0.0087534859   -2.1738951  0.016869369 
 5798000 0.0087361878 -0.0087412211   -2.1716947  0.019248184 
 5799000 0.0086173051 -0.0086483581   -2.0265324   0.13778891 
 5800000 0.0085695372 -0.0085826507   -1.9516112   0.19823985 
 5801000  0.008502763 -0.0084964249   -1.9203926    0.2263381 
 5802000 0.0086309692 -0.0086375191   -2.0463248   0.12334173 
 5803000 0.0085963153 -0.0086201741   -2.1605774 0.0096689946 
 5804000 0.0086042549 -0.0086177728   -2.2321916 -0.069789538 
 5805000 0.0085239861 -0.0085255227   -2.1483337 -0.0057944231 
 5806000 0.0086952697 -0.0087291839   -2.0116807   0.18408366 
 5807000 0.0087488353 -0.0087744704   -1.9811304   0.23808175 
 5808000 0.0087156585 -0.0087471097   -1.9851647   0.22291442 
 5809000 0.0087637136 -0.0087893776   -1.9549826    0.2562825 
 5810000 0.0087463747 -0.008739219   -1.9835705   0.22163493 
 5811000 0.0086748299 -0.0087202987   -1.9759851     0.220061 
 5812000  0.008683177 -0.0087101276   -1.9817289   0.22036504 
 5813000 0.0087314288 -0.0087679976   -1.9981727   0.20841189 
 5814000 0.0088167796 -0.0088188467   -1.8932375   0.32146982 
 5815000 0.0087165431 -0.0087021034   -1.8863049   0.31202745 
 5816000 0.0087160396 -0.0087102615   -1.9101521   0.29742782 
 5817000 0.0087305781 -0.0087349649   -2.0162704   0.17799999 
 5818000 0.0086694193 -0.0086751228   -2.1622453  0.037433096 
 5819000 0.0087423399 -0.0087665564   -2.0693799   0.13378938 
 5820000  0.008939415 -0.0089620006   -1.9540337   0.29308409 
 5821000 0.0086433805 -0.0086696804   -1.8494583    0.3262238 
 5822000 0.0086745011 -0.0086881997   -1.8708316   0.32196532 
 5823000 0.0085769646 -0.0085876166   -1.9603786   0.21488371 
 5824000 0.0087634003 -0.0087810996   -2.0861767   0.13345189 
 5825000 0.0088836243 -0.008916138   -2.1442388  0.091565721 
 5826000 0.0087435685 -0.0087999049     -2.11411   0.11003271 
 5827000 0.0086820516 -0.0087125906   -2.0052039   0.19263956 
 5828000 0.0086637263 -0.0086579374   -1.9279971   0.25702807 
 5829000 0.0086450486 -0.0086818475   -1.9763845   0.21537813 
 5830000  0.008778473 -0.0087760167   -2.0387247   0.17517302 
 5831000 0.0087533977 -0.0087735435   -2.0470337   0.15332745 
 5832000 0.0088279716 -0.0088425292   -2.0486307   0.17065004 
 5833000 0.0085866346 -0.0085822061   -1.9466544   0.21575582 
 5834000  0.008735703 -0.0087620865   -1.9135796   0.29201145 
 5835000 0.0087195178 -0.0087190367   -1.9058255   0.28951307 
 5836000 0.0088007734 -0.0088245552   -1.9427326   0.26901241 
5837000 0.0090605456 -0.0090620141   -2.2043765   0.10943208 
 5838000 0.0090448471 -0.0090630849   -2.1532501   0.14981766 
 5839000 0.0089363962 -0.0089594588   -2.1010572   0.19058616 
 5840000 0.0089466827 -0.0089618649    -2.064456   0.23326708 
 5841000 0.0089448486 -0.0089674558   -2.0865655   0.19208251 
 5842000 0.0090832686 -0.0090477328   -2.1709898   0.13957861 
 5843000 0.0088856762 -0.008915377   -2.1314808   0.12464715 
 5844000 0.0087956312 -0.0088532368   -2.0588302   0.18572085 
 5845000 0.0087372427 -0.0087962372   -1.9633091   0.26659127 
 5846000 0.0087653543 -0.0088075466   -1.9227008   0.30960841 
 5847000 0.0089439803 -0.0089502437   -1.9941372   0.29516149 
 5848000 0.0089189368 -0.0089381225   -2.1110541   0.14680127 
 5849000 0.0089115686 -0.0089195785   -2.1873148  0.069619734 
 5850000 0.0089531226 -0.0089516557    -2.187569  0.077003033 
 5851000  0.008800656 -0.0088336365   -2.1586072  0.079746924 
 5852000  0.008843442 -0.0088355515   -2.0724454    0.1625814 
 5853000 0.0088706079 -0.0088785466    -2.016929   0.23158287 
 5854000 0.0087916232 -0.0088320247    -1.954848   0.28981764 
 5855000  0.008895714 -0.0089524528   -1.9373453   0.31864829 
 5856000 0.0088590909 -0.0088743653   -1.9923179   0.25707611 
 5857000 0.0087931264 -0.0087921315   -2.0954606   0.12997668 
 5858000 0.0088166205 -0.0088567574   -2.2497221 -0.014644913 
 5859000  0.008872409 -0.0088906345   -2.2451949 0.0072342194 
 5860000 0.0089594148 -0.0089810261   -2.1142509   0.15784018 
 5861000 0.0088127522 -0.0088223592   -2.0234578   0.21378624 
 5862000 0.0088027156 -0.0088439496    -2.029029    0.1924917 
 5863000 0.0089671662 -0.0089952138   -2.1272301   0.15830472 
 5864000 0.0089618464 -0.0090256121   -2.1323863   0.14351576 
 5865000 0.0087766307 -0.0087840144   -2.1172179   0.10015897 
 5866000 0.0089339488 -0.0089352074   -2.1068375   0.15234683 
 5867000 0.0087241915 -0.0087849297   -2.0116307   0.20417261 
 5868000  0.008847883 -0.0088848955   -2.0094607   0.22705432 
 5869000 0.0090033506 -0.0090483332   -2.0554988   0.22886918 
 5870000 0.0089416852 -0.0089685991   -2.0615434   0.21601998 
 5871000 0.0090589829 -0.0090872963   -1.9950723   0.30660623 
 5872000 0.0089270228 -0.0089621035   -1.9201278   0.34958817 
 5873000 0.0087885209 -0.0088150575   -1.9052997   0.32570741 
 5874000 0.0088959716 -0.0089373389   -1.9557553   0.30397875 
 5875000 0.0087123178 -0.0087294108   -1.9518244   0.25366015 
 5876000 0.0086947645 -0.0087278724   -1.9474355   0.26140748 
 5877000 0.0084102321 -0.0084404991   -1.9196072   0.21198063 
 5878000  0.008641412 -0.0086581328   -2.0528785   0.13900788 
 5879000 0.0087715582 -0.008793268   -2.0889438   0.13796401 
 5880000 0.0087355288 -0.0087046417   -2.1059947  0.091237253 
 5881000 0.0086500263 -0.0086471241   -2.0568002   0.14104751 
 5882000 0.0086943281 -0.0086830373   -2.0260017   0.17034102 
 5883000 0.0088729012 -0.0088420709   -2.0607161   0.19728701 
 5884000 0.0086256477 -0.008648614   -2.0625145   0.11180258 
 5885000  0.008794928 -0.0087872115   -2.1180128   0.11104265 
 5886000 0.0087496089 -0.0087849086   -2.0967101   0.12265412 
 5887000 0.0088023432 -0.008818953   -2.0723424   0.17145942 
 5888000 0.0089364291 -0.0089659023   -2.0062094   0.26926066 
 5889000 0.0088300278 -0.0088528774   -1.9352034   0.31152131 
 5890000 0.0089136988 -0.0089097146   -2.0442845   0.22081824 
 5891000 0.0088815237 -0.0088790418   -2.1586192  0.085076111 
 5892000 0.0087760809  -0.00876984   -2.1590392  0.046158459 
 5893000 0.0086896672 -0.0086779853   -2.1589748  0.047183367 
 5894000 0.0087118271 -0.0087444143   -2.1182814  0.081075328 
 5895000 0.0085175562 -0.0085351789   -2.1370832  0.035704491 
 5896000 0.0085618019 -0.0085564773   -2.1023264  0.062414071 
 5897000 0.0086731397 -0.0086791272   -2.0929035   0.10375475 
 5898000 0.0085230924 -0.0085287308   -2.0277824    0.1330807 
 5899000 0.0086640713 -0.0087101758   -2.0459621   0.16086804 
 5900000 0.0087586407 -0.0087767447   -2.1245576   0.09753118 
 5901000 0.0087273639 -0.0087359923   -2.1927161  0.034737831 
 5902000  0.008689967 -0.0087148979   -2.2091643 -0.0011971267 
 5903000 0.0087486222 -0.0087564492   -2.0942799   0.13125252 
 5904000 0.0086836917 -0.0087055868    -1.982052   0.20817817 
 5905000 0.0087916099 -0.0087916247   -2.0543848   0.17447065 
 5906000 0.0087032954 -0.008683789   -2.1764521   0.02606057 
 5907000 0.0088151016 -0.0088223778   -2.2446347 -0.016184681 
 5908000  0.008839635 -0.0088126353   -2.2353574 -0.0024942062 
 5909000 0.0088568979 -0.0088763708   -2.2091897  0.045997803 
 5910000 0.0087633672 -0.0087762356   -2.0780894   0.15120811 
 5911000 0.0087486825 -0.0087639535   -2.0257258   0.19620397 
 5912000 0.0088348256 -0.0088562608    -2.059092   0.19765494 
 5913000  0.008815863 -0.0088009927   -2.0863923   0.13303697 
 5914000 0.0089319695 -0.0089229561   -2.1041678   0.16340216 
 5915000 0.0089992089  -0.00898867   -2.1659329   0.10519826 
 5916000 0.0089182332 -0.0089575188   -2.1495947   0.10656662 
 5917000 0.0089077884 -0.0089386177   -2.1933034  0.060909929 
 5918000 0.0089112066 -0.0088771875   -2.1211158   0.13766127 
 5919000 0.0088648849 -0.008891508   -2.1030727   0.14262573 
 5920000 0.0088345329 -0.0088293425   -2.1275798   0.12143634 
 5921000 0.0088573196 -0.0088763743    -2.112442   0.13211531 
 5922000 0.0088797275 -0.0088920283   -2.1076316   0.14656795 
 5923000 0.0088654923 -0.0089225113   -2.0335977   0.22539672 
 5924000 0.0088366615 -0.0088573809   -2.0209486    0.2282716 
 5925000 0.0088332805 -0.0088506509   -2.0633798   0.18381212 
 5926000 0.0088905586 -0.0088972191   -2.1725783  0.083042478 
 5927000 0.0090637779 -0.0090508213   -2.2302297   0.08249429 
 5928000 0.0090405943 -0.0090733584   -2.0443736   0.24745152 
 5929000 0.0088751493 -0.0088941366   -1.9142137   0.32531594 
 5930000 0.0088176047 -0.0088034292    -1.964732    0.2715438 
 5931000 0.0088789901 -0.0088873815   -2.1766656  0.074362258 
 5932000 0.0090300222 -0.0090214615   -2.2922076  0.013777847 
 5933000 0.0089319722 -0.0089379745   -2.2328891  0.047145582 
 5934000  0.008951455 -0.0089287366   -2.1060103   0.16169721 
 5935000 0.0089713002 -0.0089959057   -2.0624288    0.2205982 
 5936000 0.0089262626 -0.0089580155   -2.0185771   0.25895033 
 5937000 0.0088368322 -0.0088663586   -2.0345647    0.2257229 
 5938000 0.0089015864 -0.0089300867   -2.1698152   0.11116443 
 5939000  0.008832183 -0.0088488354    -2.151269   0.10212734 
 5940000 0.0088293727 -0.0088536576   -2.0189564   0.23870083 
 5941000  0.008865013 -0.0088863104    -1.872088   0.38719939 
 5942000 0.0088596272 -0.0088511773   -1.8631103    0.3845579 
 5943000 0.0088726992 -0.0088848636   -1.9619725   0.29128682 
 5944000 0.0089980667 -0.0090204172   -2.1369255    0.1453295 
 5945000 0.0088955418 -0.0089086781   -2.1348209   0.11691965 
 5946000 0.0088503623 -0.0088830484   -2.0593485   0.18782789 
 5947000 0.0087617357 -0.0087869959   -1.9816621   0.24495011 
 5948000 0.0087730161 -0.0087862233   -1.9450964   0.27326665 
 5949000 0.0086181769 -0.0086731775   -2.0383162   0.16754122 
 5950000  0.008601544 -0.0086148149   -2.0678944   0.11548973 
 5951000 0.0087376539 -0.0087871778   -2.0152645   0.21513861 
 5952000 0.0087927905 -0.0087914509   -1.9450164   0.28934236 
 5953000 0.0088383927 -0.0088740282   -1.8994663   0.33727242 
 5954000 0.0087677954 -0.0087917881   -1.9298024   0.30087004 
 5955000 0.0090046417 -0.0090545189   -1.9961368   0.28967094 
 5956000 0.0090364978 -0.0090739088   -2.0925438   0.19901484 
 5957000 0.0090434578 -0.0090432174   -2.0739574   0.22762696 
 5958000  0.008952133 -0.0089842926   -1.9791847   0.29804123 
 5959000 0.0088509341 -0.0088763698   -2.0348548   0.21918851 
 5960000 0.0087706532 -0.0087944391   -2.0494578   0.18206071 
 5961000 0.0089182611 -0.0089578399   -2.0870516   0.18570862 
 5962000 0.0090221335 -0.0090237344   -2.1424681   0.13718003 
 5963000 0.0090663493 -0.0091053512   -2.1414047   0.16997233 
 5964000 0.0091542975 -0.0091811534   -2.1131591   0.22531335 
 5965000  0.009103083 -0.0091443418    -2.098649   0.22128409 
 5966000 0.0089979804 -0.0090154116   -2.1345704   0.16492584 
 5967000  0.009234325 -0.0092613666   -2.2121093   0.14635616 
 5968000 0.0090877472 -0.0091141833   -2.2105908  0.099857774 
 5969000 0.0088846465 -0.0089249149   -2.2149902  0.056281629 
 5970000 0.0089542417 -0.0089757012   -2.1071176   0.15392808 
 5971000 0.0090701885 -0.0091256853   -2.0308951   0.27969177 
 5972000 0.0090809467 -0.0090783473   -2.0087917   0.30261153 
 5973000  0.008886329 -0.0088757228   -2.0237811   0.24244099 
 5974000 0.0088456213 -0.0088565357   -2.1040746   0.15762905 
 5975000 0.0089400001 -0.0089529852   -2.1160811   0.16049513 
 5976000 0.0089548089 -0.0089694949   -2.0966658   0.19406411 
 5977000 0.0087611511 -0.0087919231    -1.930324   0.32089904 
 5978000 0.0088628801 -0.0088390266   -1.8698245   0.38018993 
 5979000 0.0088844399 -0.0089110291     -1.90024    0.3741184 
 5980000 0.0089631106 -0.0089462098   -1.9907441   0.29213504 
 5981000 0.0088723604 -0.0089129594   -2.0336747   0.23865272 
 5982000  0.008780759 -0.0087987126   -1.9491459   0.28591645 
 5983000 0.0087846689 -0.0088308949   -1.8783792   0.37204823 
 5984000 0.0089644172 -0.0089754847   -1.8423984   0.45045219 
 5985000 0.0089636666 -0.0089706011   -1.8354239   0.44620076 
 5986000 0.0089184117 -0.0089335245   -1.9604721   0.31895574 
 5987000 0.0089183997 -0.0089184217   -2.0568934   0.21939643 
 5988000  0.008883087 -0.0088605422   -2.0399952   0.20649031 
 5989000 0.0088771553 -0.0089309929   -1.9597737   0.30030896 
 5990000 0.0088295433 -0.0088133732   -1.9015275   0.33132502 
 5991000 0.0089149382 -0.0089156537   -1.9370869   0.32619774 
 5992000 0.0089888495 -0.0089545462   -2.0252329   0.26610333 
 5993000 0.0089798784 -0.0089923813   -2.1081201   0.17848599 
 5994000 0.0088823106 -0.0089285888   -2.1964993  0.071416044 
 5995000 0.0089266091 -0.0089111005   -2.0993647   0.17178885 
 5996000 0.0089731742 -0.0089834871   -2.0054669   0.28120572 
 5997000 0.0089904966 -0.0090164975   -1.9872157   0.29511745 
 5998000 0.0089588696 -0.0089992039    -2.092721   0.19005472 
 5999000 0.0089370912 -0.0089678521   -2.1447437    0.1300306 
 6000000 0.0089970686 -0.009012267   -2.1211934   0.18154619 
 6001000 0.0088749425 -0.0088736598    -2.042019   0.22120708 
 6002000 0.0090824315 -0.0090898677   -1.9636171   0.34663975 
 6003000 0.0091992502 -0.0092208061   -1.9377406   0.41472241 
 6004000 0.0090407495 -0.0090486393   -1.8972386   0.39853468 
 6005000 0.0089611519  -0.00897315   -1.9404246   0.32648173 
 6006000 0.0089489176 -0.0089734121   -2.0381619   0.22693222 
 6007000 0.0091053019 -0.0091208504   -2.0932168   0.21885668 
 6008000 0.0092188215 -0.0092378998    -2.168077   0.17671377 
 6009000 0.0091721419 -0.009151016   -2.1430898   0.19195276 
 6010000 0.0091259276 -0.0091445104    -2.059827   0.24497262 
 6011000 0.0091134889 -0.0091149002   -2.0664938   0.25312408 
 6012000 0.0089367791 -0.0089583117   -2.0986097   0.17753808 
 6013000 0.0089789213 -0.0090112822   -2.1700648   0.12692896 
 6014000 0.0090879572 -0.0091004473   -2.1777311     0.141533 
 6015000 0.0091571692 -0.0091612279   -2.1408494   0.19317659 
 6016000 0.0089447872 -0.0089419794   -2.0899594   0.19351779 
 6017000 0.0090516338 -0.009077633   -2.0701277   0.24953714 
 6018000 0.0090496228 -0.0090634705    -1.982292   0.31278469 
 6019000 0.0088611901 -0.008839174   -1.9539461   0.29351094 
 6020000 0.0090308557 -0.0090131469   -2.0247652   0.27750692 
 6021000 0.0089953525 -0.0090059199   -2.1124828   0.18830333 
 6022000  0.009009928 -0.0090155915   -2.0766708    0.2249869 
 6023000 0.0089245695 -0.0089080935   -2.0204099   0.25050103 
 6024000 0.0088401564 -0.0088419411   -1.9944662   0.24367808 
 6025000 0.0089037038 -0.0089019349   -2.0087203   0.25087364 
 6026000 0.0088444776 -0.0088378684   -2.0865435   0.16271792 
 6027000 0.0088452932 -0.0088804546   -2.1299566   0.12477718 
 6028000 0.0088454539 -0.0088571309   -2.2050808  0.045613655 
 6029000 0.0089674165 -0.0089418988   -2.2460669  0.026154667 
 6030000 0.0088737622 -0.0089065047    -2.200833  0.059597687 
 6031000 0.0089301452 -0.0089239264   -2.1855364  0.099660598 
 6032000 0.0089066962 -0.0089433923   -2.1030807   0.17958913 
 6033000 0.0090530947 -0.0090788895   -2.1135382   0.19732991 
 6034000 0.0090196447  -0.00902861   -2.1785754    0.1383435 
 6035000 0.0089183327 -0.0089355086   -2.1245566   0.15871133 
 6036000 0.0089335282 -0.008933482   -2.1595391   0.13415955 
 6037000 0.0090456937 -0.0090286475   -2.2004322   0.10324746 
 6038000 0.0090852885 -0.0091133485   -2.1789527   0.14044981 
 6039000  0.008977314 -0.0090074573    -2.072241   0.22913765 
 6040000 0.0089587673 -0.0089513612   -2.0460072   0.22763906 
 6041000 0.0088909047 -0.0088895956    -2.125459    0.1455057 
 6042000 0.0090468621 -0.0090631207   -2.1807641   0.12675451 
 6043000 0.0088798296 -0.0088847139   -2.1312045   0.13004674 
 6044000 0.0088589126 -0.008874237   -2.0950227   0.15801368 
 6045000 0.0090249583 -0.0090214114   -2.0307357   0.27634423 
 6046000 0.0090394968 -0.0090526901   -2.0211504   0.29604848 
 6047000 0.0090102105 -0.0090509476   -2.0210187   0.28094473 
 6048000  0.008898871 -0.0089420715   -2.0970324   0.16526174 
 6049000 0.0088919166 -0.0089361224   -2.1470374   0.11362716 
 6050000 0.0086718145 -0.0086713021   -2.1757554   0.02892681 
 6051000  0.008890467 -0.0089135484   -2.1046098   0.15584102 
 6052000 0.0086817114 -0.0087316781    -1.955271   0.26285799 
 6053000 0.0086541625 -0.0086761326   -1.9176614   0.29276907 
 6054000  0.008605504 -0.008650199    -1.931564   0.24311265 
 6055000 0.0087384063 -0.0087935316   -2.1074094   0.11700677 
 6056000 0.0088208387 -0.0088405964   -2.2601996 -0.031007123 
 6057000 0.0087631545 -0.0087503542   -2.2538707 -0.024123958 
 6058000 0.0087427796 -0.0087622163    -2.107998   0.11781781 
 6059000 0.0087190696 -0.0087470954   -2.0044932   0.19910239 
 6060000 0.0088478779 -0.0088359092   -2.1183845   0.12803742 
 6061000 0.0086983918 -0.0087081145    -2.115866  0.078908307 
 6062000 0.0087175589 -0.0087586305   -2.1630085  0.044961128 
 6063000 0.0088079361 -0.0087805777   -2.1748978   0.05803553 
 6064000 0.0089047527 -0.0089307615   -2.1278692   0.12218814 
 6065000 0.0090632391 -0.0090608667   -2.1068944   0.17495599 
 6066000 0.0088886629 -0.0088537971   -2.1721318  0.074177163 
 6067000 0.0089059899 -0.0089201337   -2.2390346  0.029425044 
 6068000 0.0090396343 -0.0090428395    -2.226169  0.068004434 
 6069000 0.0090533548 -0.0090581712   -2.1131901    0.2002016 
 6070000 0.0090596375 -0.0090643627   -2.0136041    0.3006457 
 6071000 0.0089462477 -0.0089939383   -2.0133215   0.26671019 
 6072000 0.0089217492 -0.0089618307   -2.0484705   0.23432627 
 6073000  0.008978602 -0.008979646    -2.089104   0.19616952 
 6074000 0.0089421359 -0.0089190095   -2.1517149   0.11824809 
 6075000 0.0088908003 -0.0088878991   -2.0969609    0.1394468 
 6076000 0.0089036674 -0.0089657167   -2.0930152   0.18446122 
 6077000 0.0089495285 -0.0089450727   -2.1569079    0.1374955 
 6078000 0.0088929537 -0.0089099389    -2.153468   0.12675577 
 6079000 0.0089693909 -0.0089952522   -2.0878929   0.20352184 
 6080000  0.009020416 -0.009044537   -2.0867183   0.22632065 
 6081000 0.0088797578 -0.0088911997   -2.0860657   0.18213022 
 6082000 0.0088962293 -0.0089529405   -2.2214392  0.064427387 
 6083000 0.0087858663 -0.008795714   -2.2144702  0.027678087 
 6084000 0.0087988834 -0.0088209288   -2.1869238  0.059357069 
 6085000 0.0088164035 -0.0088527854   -2.1299067   0.11342297 
 6086000 0.0087759435 -0.0087925091   -2.0764533   0.16011132 
 6087000 0.0086726095 -0.0086784698   -2.0780679   0.12958181 
 6088000 0.0086640219 -0.0086574521   -1.9793054   0.21615426 
 6089000 0.0087240822 -0.0087652143   -2.0473052   0.17537586 
 6090000 0.0085805528 -0.0086086991   -2.0471337    0.1262505 
 6091000 0.0086350525 -0.0086502563   -2.0641413   0.13365792 
 6092000  0.008696137 -0.0087257816   -2.0943957   0.11422479 
 6093000  0.008662006 -0.0086643048   -2.1433385  0.055922665 
 6094000 0.0088620795 -0.0088416058   -2.1978108  0.054310416 
 6095000 0.0086898516 -0.0086717503   -2.0952417   0.10515572 
 6096000 0.0088302817 -0.0088248915   -2.1405258   0.11384103 
 6097000 0.0088571357 -0.0088999743   -2.2050417  0.061673796 
 6098000 0.0089804283 -0.0090050238   -2.2758016  0.032086303 
 6099000 0.0088453966 -0.0088671027   -2.2758715 -0.010064949 
 6100000  0.008769618 -0.0087937617   -2.2273742  0.034429821 
 6101000 0.0087504396 -0.0087473593   -2.1446612  0.099936531 
 6102000 0.0089272446 -0.0089826442   -2.1311761   0.16914113 
 6103000 0.0087502913 -0.008765638     -2.12762   0.12214765 
 6104000 0.0087612893 -0.008768664   -2.1120371    0.1241722 
 6105000 0.0086346381 -0.0086866838   -2.1416033  0.068972945 
 6106000 0.0087284805 -0.008781082   -2.1455067   0.10524371 
 6107000 0.0086673245 -0.0087231591   -2.1277413   0.10069982 
 6108000 0.0086094951 -0.008638458   -2.1622792  0.031103036 
 6109000 0.0086735845 -0.0087245606   -2.2250751 -0.0023894759 
 6110000 0.0088212812 -0.0088605882   -2.2682113 -0.015365675 
 6111000 0.0087974555 -0.0088204523   -2.2313752  0.017417137 
 6112000 0.0087999562 -0.0088464212   -2.1947688      0.06241 
 6113000 0.0089021963 -0.0089155496   -2.2484496  0.024756679 
 6114000 0.0088582864 -0.008916953    -2.285925  -0.03251702 
 6115000 0.0088415983 -0.0088694248    -2.196841    0.0646822 
 6116000 0.0087950393 -0.0088274856   -2.1316022   0.10545536 
 6117000 0.0087935125 -0.0088264884   -2.0292251   0.20927099 
 6118000 0.0090147024 -0.0090520792   -2.1432311    0.1616188 
 6119000 0.0089525241 -0.0089822872   -2.2764578 0.0052434137 
 6120000 0.0088258191  -0.00885905   -2.2644666 -0.0061542811 
 6121000 0.0088197497 -0.0088242243   -2.2343832  0.018337866 
 6122000   0.00893562 -0.0089392213   -2.1165548   0.16655242 
 6123000 0.0089837353 -0.008999836   -2.0637173   0.23185348 
 6124000 0.0089248614 -0.0089238519     -1.97478   0.30356981 
 6125000  0.008895561 -0.0089169903   -2.0082856    0.2906998 
 6126000 0.0089194086 -0.0089255692    -2.086651   0.19122891 
 6127000 0.0088951655 -0.0088937363   -2.1798318  0.091404398 
 6128000 0.0088497218 -0.0088789902   -2.2061685  0.063491794 
 6129000 0.0089530068 -0.0089953901   -2.2248212  0.054953706 
 6130000 0.0088570427 -0.0088976453   -2.2098785  0.054520878 
 6131000 0.0089348484 -0.008936757   -2.1697746   0.12380399 
 6132000 0.0089556546 -0.0089837816   -2.1487804   0.14467526 
 6133000 0.0088631331 -0.0088883213   -2.0889998   0.17237709 
 6134000 0.0086793403 -0.0086727329   -2.0810033   0.14326312 
 6135000  0.008835542 -0.0088774156   -2.1968303  0.059756637 
 6136000 0.0087812989 -0.0088269519   -2.2531995 -0.015036446 
 6137000 0.0089666288 -0.0090226611   -2.3437965  -0.05205001 
 6138000 0.0087361373 -0.0087619062   -2.2413201 0.0033728188 
 6139000 0.0088421229 -0.0089034649   -2.1760517   0.09332075 
 6140000  0.008864954 -0.0088893108   -2.1004496    0.1575946 
 6141000 0.0087412088 -0.0087784872   -2.1112698    0.1321721 
 6142000 0.0088770341 -0.0089153798    -2.168722   0.11825179 
 6143000 0.0088171671 -0.0088483543   -2.2008974  0.074897895 
 6144000 0.0088969381 -0.0089348927   -2.2510355   0.04299813 
 6145000 0.0087130594 -0.0087659879   -2.1630047  0.079120863 
 6146000 0.0087675031 -0.0087866833   -2.1398733  0.094564622 
 6147000 0.0088062819 -0.0088371592   -2.1266041    0.1348734 
 6148000 0.0086343242 -0.0086442164   -2.1449188  0.037737683 
 6149000 0.0085810706 -0.0086177614   -2.2347764  -0.05338434 
 6150000 0.0086208458 -0.0086737751    -2.247622 -0.057393318 
 6151000 0.0086856147 -0.0087277886   -2.1774772  0.038081618 
 6152000  0.008971285 -0.0090071704    -2.078613   0.19968955 
 6153000 0.0089713645 -0.0089935129   -2.0217307   0.26656225 
 6154000  0.008860014 -0.0088945951    -2.088974   0.16664062 
 6155000 0.0088910577 -0.0088915168   -2.2363633  0.025989054 
 6156000 0.0089797473 -0.009013358    -2.278467 0.0038903243 
 6157000 0.0086409785 -0.0086743715   -2.2689325 -0.056666412 
 6158000 0.0086988558 -0.0087437322   -2.2364454 -0.0033602324 
 6159000 0.0089002264 -0.0089354769   -2.1735101  0.089465874 
 6160000 0.0089308716 -0.0089377784   -2.0746989   0.19822636 
 6161000  0.008789402 -0.0087920883   -2.0201482   0.22751769 
 6162000 0.0088853157 -0.0088921835   -2.0872493   0.17563624 
 6163000 0.0087908526 -0.0087928738   -2.2072928  0.029961453 
 6164000 0.0086569022 -0.0086744203   -2.2932951 -0.089972954 
 6165000  0.008829467 -0.0088725324    -2.249932  0.020068297 
 6166000 0.0088406707 -0.0088473707   -2.1293813   0.13827451 
 6167000 0.0088838799 -0.0088871158   -2.0287934   0.22339204 
 6168000 0.0088563216 -0.0088481114    -2.023958   0.23354319 
 6169000 0.0088575457 -0.0088567517   -2.1463073   0.11659561 
 6170000   0.00889746 -0.0089419631   -2.2952589 -0.027869812 
 6171000 0.0090699091 -0.0091175114   -2.4796189  -0.15527559 
 6172000 0.0089081513 -0.0089377639   -2.4270299  -0.14365782 
 6173000 0.0087435873 -0.0087615349   -2.2694561 -0.041937346 
 6174000 0.0087421771  -0.00873612   -2.1698487    0.0708776 
 6175000 0.0087328098 -0.0087475069   -2.1283015   0.10665902 
 6176000 0.0089680722 -0.0090208129   -2.2331746  0.058725404 
 6177000 0.0090119298 -0.009061983   -2.3046446 0.0045819939 
 6178000  0.009031635 -0.0090484432   -2.2751243  0.032492489 
 6179000 0.0090788974 -0.0091039171   -2.2314813  0.095759897 
 6180000 0.0091671497 -0.0091981082   -2.1452566    0.2038987 
 6181000 0.0089495438 -0.0089689799   -2.1362896   0.14705648 
 6182000 0.0089888169 -0.009041777   -2.1407408    0.1653815 
 6183000 0.0089532459 -0.008953041   -2.2044078  0.079081792 
 6184000 0.0090559947 -0.0091031955   -2.3065236 0.0059994241 
 6185000 0.0090845679 -0.0091296907   -2.3122158  0.029391057 
 6186000 0.0092567664 -0.0092824322   -2.2827827  0.090469564 
 6187000 0.0092689464 -0.0092596329   -2.2176452    0.1566526 
 6188000 0.0091440709 -0.0091735266   -2.1669758   0.16485113 
 6189000 0.0089732947 -0.009011057   -2.1638914   0.13435726 
 6190000 0.0089352692 -0.0089357394   -2.2120251  0.057016854 
 6191000 0.0089476681 -0.0089663746   -2.2737325 -0.0098929038 
 6192000 0.0090561884 -0.0090971705   -2.2573709  0.054627204 
 6193000 0.0089817159 -0.0089703292   -2.1976439  0.098432537 
 6194000 0.0090425714 -0.0090584456    -2.164513    0.1597573 
 6195000 0.0092697919 -0.0092920114   -2.2451808   0.13869273 
 6196000  0.008988783 -0.0089992673   -2.3836927 -0.090095581 
 6197000 0.0091541681 -0.0091688407   -2.5091512  -0.15551579 
 6198000 0.0090786515 -0.009093107   -2.4639249  -0.14660818 
 6199000 0.0090838502 -0.0091066457    -2.286004  0.034471441 
 6200000 0.0091365413 -0.0091560547   -2.1554317   0.17214114 
 6201000 0.0091219604 -0.0091530662   -2.0993134   0.22388476 
 6202000 0.0091264056 -0.0091667361   -2.2250673   0.10439829 
 6203000 0.0089940474   -0.0090184   -2.2675767  0.019556851 
 6204000 0.0089272642 -0.0089623114   -2.3574384 -0.085406589 
 6205000 0.0089792596 -0.0090124684   -2.3591016 -0.064880253 
 6206000 0.0090538275 -0.009061926   -2.2461986  0.048568793 
 6207000   0.00909508 -0.0091100852   -2.1637438   0.15257713 
 6208000 0.0089414148 -0.0089482182   -2.0674969   0.20150732 
 6209000   0.00920666 -0.0092347871   -2.0933531   0.24794435 
 6210000 0.0090344242 -0.009048629   -2.2144764  0.085837676 
 6211000 0.0089423973 -0.008978522     -2.25878  0.033289604 
 6212000 0.0089814522 -0.0089949713   -2.2371004  0.044453151 
 6213000 0.0090687487 -0.0091100745   -2.1991668   0.10518446 
 6214000 0.0088392459 -0.008864638   -2.1307583   0.12291719 
 6215000 0.0089808813 -0.0090174105   -2.1754743   0.12006346 
 6216000 0.0089044549 -0.008883234   -2.1887735  0.061003554 
 6217000 0.0089281933 -0.0089528187   -2.2105707   0.06642444 
 6218000 0.0088282178 -0.0088391799   -2.1636584  0.087253182 
 6219000 0.0088140235 -0.0088215356    -2.135065   0.11135336 
 6220000    0.0087895 -0.0088121153   -2.0829084   0.15768189 
 6221000 0.0087960186 -0.0088217502    -2.013531   0.21873921 
 6222000 0.0087893124 -0.0088059901   -2.0533257   0.17131565 
 6223000 0.0088693218 -0.008865423   -2.2175162  0.025014452 
 6224000 0.0089545503 -0.0089448675   -2.3344141 -0.066400497 
 6225000  0.008920194 -0.0089177901   -2.3245711 -0.071256533 
 6226000 0.0087670344 -0.0088043749   -2.1554089    0.0609502 
 6227000 0.0090978208 -0.0091231412   -2.1109649   0.19021631 
 6228000 0.0091656963 -0.0092144978   -2.1749263   0.15468719 
 6229000 0.0090072877 -0.0090106803   -2.2738001   0.01756542 
 6230000 0.0091563696 -0.0091677894   -2.3162406 0.0080213815 
 6231000 0.0089784036 -0.008960752   -2.1543486   0.11427533 
 6232000 0.0089798357 -0.008992935   -2.1131146   0.15540352 
 6233000 0.0090669472 -0.0090688358   -2.1177539   0.18783695 
 6234000 0.0091499878 -0.0091559555   -2.2164179   0.09593819 
 6235000 0.0089738041 -0.0089972885   -2.3038538 -0.036736859 
 6236000 0.0089774071 -0.0089776466   -2.3099236 -0.044717032 
 6237000 0.0089906478 -0.0090099581   -2.2793983 0.0066958263 
 6238000 0.0089079422 -0.0089139843   -2.1638089   0.10109676 
 6239000 0.0089588711 -0.0089724845   -2.1693721   0.11137657 
 6240000 0.0089808827 -0.0089585842   -2.2186085  0.071174348 
 6241000 0.0088559935 -0.0089022794   -2.1925102  0.072634585 
 6242000 0.0089778261 -0.0089998562   -2.1634086   0.13450787 
 6243000 0.0089933786 -0.0090055323   -2.1363036   0.15678598 
 6244000 0.0088702048 -0.0088578934   -2.1215869   0.13493317 
 6245000 0.0089554963 -0.0089470679   -2.1616093   0.10695754 
 6246000 0.0089143915 -0.0089262583    -2.237734  0.033498719 
 6247000  0.008751743 -0.0087794703   -2.1871328  0.034846325 
 6248000 0.0089286453 -0.0089202677   -2.2021001  0.057101957 
 6249000 0.0087450729 -0.0087565485   -2.1793878  0.038063723 
 6250000 0.0090039962 -0.0090598139   -2.2216772  0.073761857 
 6251000 0.0089975827 -0.0090059507   -2.2271284   0.07227349 
 6252000 0.0088660423 -0.0088685164   -2.2208306  0.027300931 
 6253000 0.0090402405 -0.009033186   -2.2721982  0.029357577 
 6254000  0.008974109 -0.0090246234   -2.2497028  0.044719089 
 6255000 0.0093229837 -0.0093257048   -2.3064793  0.063003018 
 6256000 0.0090715998 -0.0090873563    -2.249739  0.069114363 
 6257000 0.0089556959 -0.0089863021   -2.3078087 -0.030024131 
 6258000 0.0089161662 -0.0089425142   -2.3723274 -0.091783443 
 6259000 0.0091189356 -0.0091302863   -2.3789798 -0.041114134 
 6260000 0.0090568732 -0.0090507505   -2.3065538 0.0034611645 
 6261000 0.0091187018 -0.009114213   -2.2870849  0.031938117 
 6262000 0.0089646907 -0.0090032248   -2.3403701 -0.049720375 
 6263000 0.0088115931 -0.0088311172   -2.2991267 -0.058429974 
 6264000 0.0089923657 -0.0090101794    -2.319121 -0.018555282 
 6265000 0.0087678201  -0.00876469   -2.2486916 -0.023181867 
 6266000 0.0090971182 -0.0090651789   -2.2305859  0.073030546 
 6267000 0.0091100668 -0.0090909509   -2.2547575  0.082398466 
 6268000 0.0091382785 -0.0091651808   -2.2621965  0.078711298 
 6269000 0.0091451589 -0.0091768064   -2.2719745  0.064656923 
 6270000 0.0091936148 -0.0092101193   -2.2216088   0.13403562 
 6271000 0.0091134411 -0.0091210389   -2.1957346   0.12937229 
 6272000 0.0091454884 -0.009133923   -2.3024615   0.03116219 
 6273000  0.009103807 -0.0091162453   -2.3685835 -0.039835769 
 6274000 0.0089819306 -0.0089914025   -2.3518786 -0.053725987 
 6275000 0.0088896511 -0.0089084248   -2.2894155 -0.025421655 
 6276000 0.0089401668 -0.0089715934   -2.2034481  0.075450059 
 6277000 0.0089389103 -0.0090224807   -2.1693746   0.11658386 
 6278000 0.0089552205 -0.0089991312   -2.2657126  0.015708391 
 6279000  0.008934082 -0.0089364541   -2.2618133 0.0074277997 
 6280000 0.0089688616 -0.0089795969    -2.309105 -0.026209472 
 6281000 0.0090668724 -0.0091048965   -2.3062903 0.0017054619 
 6282000 0.0091320549 -0.009134445   -2.2672833  0.048228155 
 6283000 0.0090768064 -0.0090833906   -2.2172623  0.071968751 
 6284000 0.0091184494 -0.0091154776   -2.2833695  0.013754257 
 6285000 0.0091310733 -0.0091155725   -2.3547714 -0.050670018 
 6286000 0.0091722786 -0.0091805904   -2.4182794 -0.084198711 
 6287000 0.0091331803 -0.0091321267   -2.3353764  -0.02206964 
 6288000 0.0091526199 -0.0091842985   -2.2313632  0.098783447 
 6289000 0.0090085649 -0.0089912988   -2.1626013   0.13272428 
 6290000 0.0091676808 -0.0091812045   -2.1571897   0.16180095 
 6291000 0.0090349274 -0.0090486992   -2.1584129   0.16021739 
 6292000 0.0090661308 -0.0090694913   -2.2336285  0.085464693 
 6293000 0.0091366537 -0.0091700174   -2.2952289  0.026912379 
 6294000 0.0089677504 -0.0089696475   -2.3110669 -0.023214118 
 6295000 0.0089932297 -0.0089856271   -2.2632533  0.034725747 
 6296000 0.0091123297 -0.0090835178   -2.2214271   0.11886575 
 6297000 0.0090994625 -0.0090693846   -2.2211257   0.10728178 
 6298000  0.009028891 -0.0090354468   -2.2790492  0.038703426 
 6299000 0.0090460232 -0.0090689077   -2.3350892 -0.023636921 
 6300000 0.0091255929 -0.0091201156   -2.3549815 -0.020336483 
 6301000 0.0090575548 -0.0090161532   -2.3290013 -0.023775215 
 6302000 0.0089922246 -0.0090140979   -2.2838404  0.029135232 
 6303000 0.0090596048 -0.0090775292   -2.2658978  0.056408538 
 6304000 0.0089905079 -0.0089815577   -2.3554584 -0.046659738 
 6305000 0.0090926358 -0.009109953   -2.3635693 -0.027569504 
 6306000 0.0089540926 -0.0089337326   -2.2672051  0.018092747 
 6307000  0.009006732 -0.0090214169   -2.1992457   0.11248929 
 6308000 0.0090152657 -0.0090179104   -2.1059201   0.19975695 
 6309000 0.0089463871 -0.0089352614    -2.111197   0.18688407 
 6310000  0.008964694 -0.0089670249   -2.2188367  0.069810895 
 6311000 0.0088472617  -0.00881141   -2.3087087  -0.04039928 
 6312000 0.0089145463 -0.0089140761   -2.3622752  -0.06151929 
 6313000 0.0090708928 -0.0090842021   -2.3459517 -0.020750251 
 6314000 0.0090280808 -0.0090349742   -2.3291573 -0.017654531 
 6315000 0.0091338189 -0.0091190223    -2.211492   0.11881741 
 6316000 0.0090945042 -0.0091025759   -2.1154137   0.21075074 
 6317000 0.0090708798 -0.0090378248   -2.1720088   0.15232096 
 6318000 0.0089897002 -0.0089919441   -2.2775796  0.035949071 
 6319000 0.0090292495 -0.0090100903   -2.3731053 -0.061655318 
 6320000  0.009070277 -0.0090888179   -2.3978651 -0.080114501 
 6321000 0.0088716628 -0.008892825   -2.2759364 -0.0091378208 
 6322000 0.0089255301 -0.008923027   -2.1541672   0.12302249 
 6323000 0.0090333081 -0.0090605295    -2.148051   0.15487183 
 6324000 0.0089101153 -0.008898304   -2.1979964  0.066361449 
 6325000 0.0089479295 -0.0089605793   -2.2690537  0.011925438 
 6326000 0.0087522632 -0.0087534416   -2.1928323  0.031506465 
 6327000   0.00902693 -0.0090265567   -2.1190249   0.19458225 
 6328000 0.0088943207 -0.0088873789   -2.0650982   0.21364847 
 6329000 0.0089673307 -0.0089692861   -2.1233245   0.16834106 
 6330000 0.0088375367 -0.0088421669   -2.1819852  0.083692643 
 6331000 0.0089851247 -0.0089500987   -2.2106355   0.08260871 
 6332000 0.0088634436 -0.0088712259   -2.1915227  0.076346779 
 6333000 0.0089186838 -0.0089616689   -2.1761769    0.1104903 
 6334000 0.0089451339 -0.008952946   -2.2128377  0.081335294 
 6335000 0.0089570885 -0.0089642323   -2.2004023  0.089483513 
 6336000  0.008894711 -0.0088832323   -2.2364966  0.034865272 
 6337000  0.008959111 -0.0089737944   -2.2747111 0.00094072488 
 6338000  0.008838689 -0.0088503361    -2.324144 -0.079141507 
 6339000 0.0088470643 -0.008881276   -2.2771879  -0.03166055 
 6340000 0.0090337991 -0.0090227495   -2.2820089  0.010012537 
 6341000 0.0091452929 -0.0091700251   -2.2903505  0.029194477 
 6342000 0.0089386425 -0.0089532586   -2.2738875 -0.00021571183 
 6343000 0.0090396325 -0.0090623421   -2.3917242 -0.085412135 
 6344000 0.0090260023 -0.0090704026   -2.4060231  -0.11163832 
 6345000 0.0089398509 -0.0089460774   -2.2770556 0.00089191078 
 6346000 0.0089368013 -0.0089591536    -2.135832    0.1375541 
 6347000 0.0090474455 -0.0090374005   -2.1447028   0.15166168 
 6348000  0.008956363 -0.0089649162   -2.2289832  0.052055069 
 6349000 0.0089691243 -0.008999955   -2.2600682  0.032259764 
 6350000 0.0089463624 -0.0089882235   -2.2455399   0.02845089 
 6351000 0.0088425133 -0.0089005388   -2.1348254   0.11983988 
 6352000 0.0088942681 -0.0089196144   -2.1336552   0.14019733 
 6353000 0.0089179432 -0.0089381098   -2.1282855   0.14394216 
 6354000 0.0089918985 -0.0090112386   -2.1522067   0.12048499 
 6355000 0.0091810128 -0.0091941236   -2.1767928   0.15312733 
 6356000  0.009124512 -0.0091219114   -2.1621281   0.15280406 
 6357000 0.0090754124 -0.0090781063   -2.2358562   0.05832237 
 6358000 0.0090515217 -0.009096072   -2.2906359  0.012802917 
 6359000  0.009148959 -0.0091508702   -2.3114917  0.010517286 
 6360000 0.0090353027 -0.009043363   -2.1881841   0.10250626 
 6361000 0.0092326225 -0.0092809982   -2.1447033   0.20815172 
 6362000 0.0092398813 -0.0092843077   -2.1031011   0.25640529 
 6363000 0.0092355682 -0.0092487194    -2.149771   0.20909301 
 6364000  0.009226576 -0.0092302606   -2.1683678   0.17681143 
 6365000  0.009186831 -0.0091608408   -2.2214733  0.096993488 
 6366000 0.0092475162 -0.0092179073   -2.2190301   0.11173832 
 6367000  0.009066036 -0.009047428   -2.1588182   0.13082439 
 6368000 0.0089709844 -0.0089730027   -2.0432862   0.21239905 
 6369000 0.0088810566 -0.008894185   -2.0093202   0.21955774 
 6370000 0.0089022437 -0.0089211096   -2.0628023   0.18474706 
 6371000 0.0089688987 -0.008962239   -2.0940774   0.17147264 
 6372000 0.0090570219 -0.0090745203   -2.1281294   0.16340869 
 6373000 0.0089620008 -0.0089933707   -2.1071768    0.1664124 
 6374000  0.008885534 -0.0089230509   -2.0820452    0.1585364 
 6375000 0.0089823409 -0.0089742418    -2.105544   0.14565763 
 6376000 0.0088788029 -0.008902342   -2.0455625   0.19152101 
 6377000 0.0089946801 -0.0089663091    -2.088362   0.17050099 
 6378000 0.0088602855 -0.0088450595   -2.1256515  0.095358583 
 6379000 0.0090197844 -0.0090252294   -2.1803498  0.093862403 
 6380000 0.0089523142 -0.0089479828   -2.1930141  0.063677895 
 6381000 0.0089079396 -0.0089159412   -2.2051696  0.043392842 
 6382000  0.009095091 -0.0091105869   -2.2111762  0.080691028 
 6383000 0.0090344046 -0.0090356341   -2.1398111   0.14470777 
 6384000 0.0089375658 -0.0089587559   -2.0314391   0.23280581 
 6385000 0.0090430713 -0.0090702346   -1.9783351   0.30261886 
 6386000 0.0090075479 -0.0090341993   -1.9511093   0.32147286 
 6387000 0.0087456745 -0.0087713551   -2.0616496   0.15161595 
 6388000 0.0088036982 -0.0088323175   -2.1525904  0.080646557 
 6389000 0.0088668922 -0.0089040049   -2.1446253   0.11605273 
 6390000 0.0089683014 -0.0090109153   -2.0088098   0.26334595 
 6391000 0.0090185727 -0.0090322188   -1.9024607   0.37650617 
 6392000 0.0089710752 -0.0089982871   -1.8176709   0.45414063 
 6393000  0.009096176 -0.0090926391   -1.9331818   0.35933815 
 6394000 0.0090781487 -0.0090609275   -2.0283873   0.26925681 
 6395000 0.0090738341 -0.0090755577   -2.1412376   0.16007565 
 6396000 0.0090306489 -0.0090439382   -2.1576886   0.13684576 
 6397000 0.0089688691 -0.0090046133   -2.1353167   0.15225679 
 6398000 0.0089908352 -0.0090484366   -2.1398658   0.14518499 
 6399000 0.0090918782 -0.0091416328   -2.2105424    0.1022857 
 6400000 0.0090780645 -0.0090976889   -2.2388735  0.062564236 
 6401000   0.00921946 -0.0092012151   -2.2459961  0.093285173 
 6402000 0.0091856193 -0.0092167548     -2.21197   0.13200049 
 6403000 0.0091991327 -0.0091834093   -2.1609733    0.1793895 
 6404000 0.0091285268 -0.0091402502   -2.1145295   0.20427703 
 6405000 0.0092007785 -0.0092282426    -2.120111   0.24201468 
 6406000  0.009219349 -0.0092498594   -2.1607676   0.20303088 
 6407000  0.009117656 -0.0091176826   -2.1516547   0.17419277 
 6408000 0.0093688096 -0.009376881   -2.1555749   0.22676758 
 6409000  0.009195117 -0.009230685   -2.1328476   0.21201634 
 6410000 0.0092945036 -0.0093383366   -2.1695376   0.19901038 
 6411000 0.0093428694 -0.0093553186   -2.2508678   0.14122181 
 6412000 0.0092750168 -0.009268377   -2.2180113   0.14163239 
 6413000  0.009338275 -0.009342311   -2.1932397   0.18509757 
 6414000 0.0091299319 -0.0091290268   -2.2325941  0.073423598 
 6415000 0.0090504797 -0.0090681665   -2.2517684  0.041676376 
 6416000 0.0090306167 -0.0090396833   -2.3431959 -0.044141993 
 6417000 0.0091259398 -0.0091471843   -2.3039054 0.0096295862 
 6418000 0.0091547117 -0.0091431148   -2.2397362  0.072221205 
 6419000 0.0093481284 -0.0093657503   -2.2009508   0.17755797 
 6420000  0.009216607 -0.0092115023   -2.1237852   0.22830519 
 6421000 0.0092570453 -0.009287756   -2.1400313   0.22220852 
 6422000 0.0093112605 -0.0092981691   -2.1064563   0.25754846 
 6423000 0.0094665278 -0.0094448716    -2.180246   0.22076421 
 6424000 0.0092588292 -0.009258921   -2.2304835   0.12828228 
 6425000 0.0094717178 -0.0094418511   -2.3292934  0.092883841 
 6426000 0.0095030217  -0.00949422    -2.377871  0.057391649 
 6427000 0.0094724123 -0.0094811105   -2.3041705   0.11385538 
 6428000 0.0094896718 -0.0095116879   -2.2463357   0.17195178 
 6429000 0.0093661561 -0.0093409602   -2.2447226   0.13801369 
 6430000 0.0093823441 -0.0093825988   -2.3885279 0.0085690994 
 6431000 0.0094331155 -0.0094101147   -2.4694265 -0.055368072 
 6432000 0.0095330386 -0.0095386436   -2.4132372  0.017175381 
 6433000 0.0094705537 -0.0094510501   -2.2736354   0.14206619 
 6434000 0.0093848976 -0.0093755126   -2.2497943   0.14804466 
 6435000 0.0094676331 -0.009487978   -2.2768495   0.14533891 
 6436000 0.0095912113 -0.0096278144   -2.3848591  0.062764716 
 6437000 0.0094164285 -0.0093742986    -2.450236 -0.045901243 
 6438000 0.0093504687 -0.0093592988   -2.3262176  0.052031752 
 6439000 0.0092969346 -0.0092576176   -2.2668982   0.10534295 
 6440000 0.0093711229 -0.009414182   -2.2734118   0.13949804 
 6441000  0.009423974 -0.0094338372   -2.1701197   0.24200403 
 6442000  0.009478974 -0.0095005139   -2.1878155   0.23563338 
 6443000 0.0093351022 -0.0093553454   -2.1665422   0.22677843 
 6444000  0.009341049 -0.0093518137   -2.2086563   0.18088824 
 6445000 0.0092261615 -0.0092235376   -2.2695753  0.096348505 
 6446000 0.0091614501 -0.0091802766   -2.2458349   0.10786799 
 6447000 0.0093703024 -0.0094048613   -2.2520589   0.13826534 
 6448000 0.0092633275 -0.0092753983   -2.2590647    0.1097209 
 6449000 0.0093000771 -0.0093430528   -2.2669101   0.11866767 
 6450000 0.0092535441 -0.009288781   -2.2491906   0.12073594 
 6451000 0.0093165538 -0.0093181943   -2.1859089   0.19126675 
 6452000 0.0091005641 -0.0090974446   -2.1067254   0.20455758 
 6453000 0.0092938419 -0.0093094163   -2.1520105   0.22129636 
 6454000 0.0092788813 -0.0092800017   -2.1940909   0.18041054 
 6455000 0.0091933177 -0.0091833542   -2.2466022  0.093913984 
 6456000 0.0092261123 -0.0092414074   -2.2622772  0.094173232 
 6457000 0.0092668988 -0.0092703896   -2.2818299  0.076600496 
 6458000 0.0092383589 -0.0092615044   -2.1952201   0.15942123 
 6459000  0.009234127 -0.0092672893    -2.159891   0.18621083 
 6460000 0.0093441005 -0.0093502625   -2.1663845   0.23342134 
 6461000 0.0092831158 -0.0092987517   -2.1677573    0.2188214 
 6462000 0.0093059041 -0.0093016853   -2.1959277   0.17819139 
 6463000 0.0092097716 -0.0092248272   -2.2253789   0.12344029 
 6464000  0.009123341 -0.009128212   -2.2038037   0.11936072 
 6465000 0.0090404608 -0.0090110181   -2.1257507    0.1689514 
 6466000 0.0091236269 -0.0091387843   -2.0555361    0.2783533 
 6467000 0.0090059471 -0.0090246211     -1.97418   0.31415746 
 6468000 0.0091981439 -0.0092102773   -2.0788568   0.25092786 
 6469000 0.0091538284 -0.0091820093   -2.1637918   0.16980701 
 6470000 0.0091673607 -0.0092268221   -2.2158479   0.11734753 
 6471000 0.0091528439 -0.0091752555   -2.1490448   0.16316992 
 6472000 0.0090934573 -0.0091389932   -2.0829638   0.22095292 
 6473000 0.0092640989 -0.0093371377   -2.0562185   0.29711688 
 6474000 0.0093039275 -0.0093518059   -2.0629258   0.30900809 
 6475000 0.0091387599 -0.009176412   -2.0918749    0.2331614 
 6476000  0.009201087 -0.0092347122    -2.134076    0.2163879 
 6477000   0.00916615 -0.0091947681   -2.2354094    0.1002761 
 6478000 0.0092629803 -0.0092720312   -2.2907997   0.06069284 
 6479000 0.0093063257 -0.0093635988   -2.3470035   0.03646936 
 6480000 0.0092295636    -0.009257   -2.3648343 -6.0306087e-05 
 6481000 0.0090811122 -0.0091076939   -2.2888309  0.026792292 
 6482000 0.0091068555 -0.0091579326   -2.2952505  0.036920682 
 6483000 0.0092277141 -0.0092478974   -2.2248193   0.14622918 
 6484000 0.0091669714 -0.0091936445   -2.2438638   0.12462908 
 6485000 0.0091395175 -0.0091569859   -2.2033805   0.13094253 
 6486000 0.0092023396 -0.0092217332   -2.2362305   0.11633807 
 6487000 0.0091901818 -0.0091931889     -2.21076   0.14219705 
 6488000 0.0092249664 -0.0092311988   -2.2376941   0.11295607 
 6489000 0.0092499623 -0.0092687034   -2.2339808   0.12849229 
 6490000 0.0092952234 -0.009297216   -2.2467747   0.13011212 
 6491000 0.0092705925 -0.0093208162   -2.3193778   0.05452954 
 6492000 0.0092184804 -0.0092436741   -2.3423071  0.015923518 
 6493000 0.0093369395 -0.0093526273    -2.378717  0.006575675 
 6494000 0.0094646295 -0.0094767293   -2.2644146   0.15169862 
 6495000  0.009354392 -0.0093749305    -2.207647   0.19028543 
 6496000 0.0092172662 -0.0092293838   -2.1947844   0.15328453 
 6497000 0.0093369012 -0.009389904   -2.2580088    0.1324528 
 6498000  0.009407688 -0.0094700549   -2.2818617   0.12719877 
 6499000 0.0094729443 -0.0094843198   -2.2737929    0.1342897 
 6500000 0.0094399396 -0.009452638   -2.2603815   0.14511717 
 6501000 0.0092582819 -0.0092947171   -2.2801765  0.078401088 
 6502000  0.009355383 -0.0093675376   -2.3213383  0.054454042 
 6503000 0.0092995932 -0.0093256795   -2.3102135  0.049269126 
 6504000 0.0091695231 -0.0092004846   -2.2407307  0.098635307 
 6505000 0.0093407447 -0.0093804883   -2.1633325    0.2145046 
 6506000 0.0093048983 -0.0093158005   -2.2125353   0.14746882 
 6507000 0.0093901379 -0.0094223646   -2.2759487   0.10606683 
 6508000 0.0094265555 -0.009452733   -2.2813986   0.11314597 
 6509000 0.0093542504 -0.0094049435   -2.2489859   0.14261742 
 6510000 0.0091056385 -0.0091262959   -2.1974806   0.12746365 
 6511000 0.0093392089 -0.0093743901   -2.1761183   0.20227563 
 6512000 0.0092849196 -0.0093146196   -2.0996214   0.26053792 
 6513000 0.0092579901 -0.0092811518   -2.1286635   0.21570095 
 6514000 0.0093483487 -0.009358524   -2.1327374   0.23575394 
 6515000 0.0093817277 -0.0093986505   -2.2205939   0.16804646 
 6516000 0.0092685415 -0.0093120386   -2.3249809  0.037765912 
 6517000 0.0092702507 -0.0092739683   -2.4654271  -0.10103401 
 6518000  0.009143137 -0.009174211   -2.3754469 -0.039564338 
 6519000 0.0091805465 -0.0091861818   -2.2894723  0.046308369 
 6520000 0.0091950791 -0.0091872329   -2.1959522   0.15655408 
 6521000 0.0092418851 -0.0092378449   -2.2429641   0.11473307 
 6522000 0.0090595658 -0.0090621018   -2.3154651  0.007192798 
 6523000 0.0090928234 -0.0091301917   -2.2920239  0.025676236 
 6524000  0.009336011 -0.0093301157   -2.2997025  0.075750542 
 6525000  0.009403435 -0.0093564034   -2.2584647   0.12683808 
 6526000 0.0091367011 -0.009133845   -2.2153877   0.10623032 
 6527000 0.0092940869 -0.0093155705   -2.2760699  0.083529255 
 6528000 0.0091264671 -0.0091244014   -2.2698525  0.050466656 
 6529000 0.0094596987 -0.0094792476   -2.2356684   0.16425954 
 6530000 0.0093886077 -0.0094152153    -2.194186   0.19255557 
 6531000 0.0093909709 -0.0094187309   -2.3079288  0.076905377 
 6532000 0.0091201669 -0.0091784029   -2.2811202  0.040807897 
 6533000 0.0093065584 -0.0093252425   -2.2381697    0.1347589 
 6534000 0.0093415668 -0.0093857733   -2.1870541   0.19608814 
 6535000 0.0094238268 -0.009420202   -2.1625523   0.21680089 
 6536000 0.0093433767 -0.009340595   -2.1659761   0.21567132 
 6537000  0.009188514 -0.0091913485   -2.1610006   0.18071342 
 6538000 0.0090696849 -0.0091089159   -2.1951921   0.10278297 
 6539000 0.0091327179 -0.0091409266   -2.2173521   0.11299968 
 6540000 0.0091414578 -0.0091386474   -2.2860082  0.028898787 
 6541000 0.0091251094 -0.0091389245    -2.274789  0.051173601 
 6542000  0.009301919 -0.0093370332   -2.2054085   0.16169978 
 6543000 0.0093560762 -0.0093597682   -2.1537606   0.22774025 
 6544000 0.0091680498 -0.0091859053   -2.0962424   0.23124474 
 6545000 0.0092330407 -0.0092498963    -2.134904   0.20654687 
 6546000 0.0092430831 -0.009258709   -2.2089701   0.13713238 
 6547000 0.0092829881 -0.0093051742   -2.3065894  0.049184266 
 6548000 0.0092718665 -0.0092749218   -2.3156123  0.039536792 
 6549000 0.0094176461 -0.0094361754   -2.2323666   0.16008777 
 6550000  0.009272495 -0.0092761954   -2.2098889   0.16291519 
 6551000 0.0093556985 -0.009377732   -2.2789691   0.10131746 
 6552000 0.0093187957 -0.0093139049   -2.3573106 0.0093122568 
 6553000 0.0093689108 -0.0093952199   -2.3578857  0.024722627 
 6554000 0.0093613439 -0.0093545548   -2.3270018  0.036281412 
 6555000 0.0093951244 -0.0093829219   -2.3172959  0.063309552 
 6556000 0.0094029945 -0.0094219684   -2.3123549  0.078599004 
 6557000  0.009371484 -0.009386529   -2.3086203  0.058914777 
 6558000 0.0092478613 -0.0092257731   -2.2342316   0.11348307 
 6559000 0.0094313832 -0.009439615   -2.1733351    0.2238518 
 6560000 0.0094194304 -0.0094367539   -2.1631296   0.23326382 
 6561000 0.0093804125 -0.0093985165   -2.1669931   0.22201355 
 6562000 0.0094107398 -0.0094345019   -2.2279237   0.15716419 
 6563000 0.0094080344 -0.009441719   -2.3418135    0.0748037 
 6564000 0.0094417051 -0.0094618029   -2.3561918  0.061449653 
 6565000  0.009294997 -0.009318428   -2.3551874  0.018496264 
 6566000 0.0094439279 -0.0094479859   -2.3927707   0.02129602 
 6567000  0.009332467 -0.0093415962   -2.3876986 0.0011471353 
 6568000 0.0094818882 -0.0095000057   -2.4064353  0.023773563 
 6569000 0.0093959232 -0.009393369   -2.3659997  0.033763298 
