2000000            0            0 
 2001000 0.0011917657 -0.0011026395 
 2002000 0.0013111228 -0.0012741525 
 2003000 0.0017258058 -0.0016878713 
 2004000 0.0018214491 -0.0017815588 
 2005000 0.0018639458 -0.0018487794 
 2006000 0.0018030158 -0.0018921273 
 2007000 0.0019984785 -0.0020073028 
 2008000 0.0020901996 -0.0021274866 
 2009000 0.0021984872 -0.0021850776 
 2010000 0.0023045798 -0.0024096369 
 2011000  0.002433582 -0.0025142809 
 2012000  0.002519296 -0.0025773343 
 2013000 0.0026072371 -0.0027121893 
 2014000 0.0025476999 -0.0025720152 
 2015000 0.0026857239 -0.0026914509 
 2016000 0.0025410054 -0.0024763899 
 2017000 0.0026089989 -0.0027102311 
 2018000 0.0027914021 -0.0027862805 
 2019000 0.0027455834 -0.0027726907 
 2020000 0.0028682253 -0.0029281759 
 2021000 0.0028617632 -0.0028787437 
 2022000 0.0031265881 -0.0030908143 
 2023000 0.0031229327 -0.003173224 
 2024000 0.0030696359 -0.0031276274 
 2025000 0.0030831544 -0.0031153057 
 2026000 0.0032211339 -0.0033160978 
 2027000 0.0034337472 -0.0034297149 
 2028000 0.0033894831  -0.00345294 
 2029000 0.0033991833 -0.0033858874 
 2030000  0.003373517 -0.0034859382 
 2031000 0.0034322718 -0.0036270007 
 2032000 0.0035147884 -0.0036996503 
 2033000  0.003584687 -0.0038180698 
 2034000 0.0037020965 -0.0038058922 
 2035000 0.0037542022 -0.0038826871 
 2036000 0.0036872071 -0.0038363562 
 2037000  0.003910867 -0.0040790876 
 2038000 0.0039514633 -0.0040034352 
 2039000 0.0038362467 -0.0039893841 
 2040000 0.0041016944 -0.0042287401 
 2041000 0.0042517293 -0.0043218699 
 2042000  0.004090461 -0.0042556269 
 2043000  0.004335369 -0.0045396307 
 2044000 0.0044637459 -0.0045672754 
 2045000 0.0046573516 -0.0047127221 
 2046000 0.0045154488 -0.0046626703 
 2047000 0.0046706199 -0.0047134005 
 2048000  0.004721907 -0.004880333 
 2049000 0.0048050861 -0.0049032539 
 2050000 0.0047469479 -0.0048192676 
 2051000 0.0048424409 -0.0049246668 
 2052000 0.0049175323 -0.0049824415 
 2053000 0.0048215532 -0.0049038596 
 2054000 0.0049972839 -0.0050850844 
 2055000 0.0049892972 -0.0051284958 
 2056000 0.0049409607 -0.0050858791 
 2057000 0.0050072741 -0.0051030929 
 2058000 0.0051213986 -0.0051694833 
 2059000 0.0049515056 -0.0050072164 
 2060000 0.0049504591 -0.0050262353 
 2061000 0.0051539581 -0.005309134 
 2062000 0.0051242248 -0.0052025389 
 2063000 0.0053348591 -0.0054342722 
 2064000 0.0053788287 -0.0054567647 
 2065000 0.0054248446 -0.0054537764 
 2066000 0.0054590506 -0.0055091588 
 2067000 0.0053928601 -0.0054680191 
 2068000 0.0053256758 -0.0054666454 
 2069000  0.005377715 -0.0054390078 
 2070000 0.0054052189 -0.0054741283 
 2071000 0.0052499154 -0.0054566057 
 2072000 0.0053817509 -0.0055247649 
 2073000 0.0055358838 -0.0056437977 
 2074000  0.005638431 -0.0057058189 
 2075000 0.0055068734 -0.0056663311 
 2076000 0.0058437239 -0.0058792985 
 2077000 0.0058226217 -0.0059571718 
 2078000 0.0060030212 -0.0060336175 
 2079000  0.005889859 -0.0059945821 
 2080000   0.00593543 -0.0061456916 
 2081000 0.0059565409 -0.006090492 
 2082000 0.0059301126 -0.0060010881 
 2083000 0.0059658663 -0.005967907 
 2084000 0.0059703738 -0.0060301366 
 2085000 0.0059362905 -0.006027072 
 2086000 0.0059571499 -0.0060267734 
 2087000 0.0060377438 -0.0061495177 
 2088000 0.0060587194 -0.0061727003 
 2089000 0.0060231369 -0.0060702274 
 2090000 0.0060314388 -0.0060816444 
 2091000 0.0060880096 -0.0062364859 
 2092000 0.0061837366 -0.0062203949 
 2093000 0.0063037022 -0.0063248089 
 2094000 0.0063108148 -0.0063413934 
 2095000 0.0063614152 -0.0063984916 
 2096000  0.006241705 -0.0063011762 
 2097000 0.0064121643 -0.0065471343 
 2098000 0.0063911453   -0.0063949 
 2099000 0.0063421208 -0.0064003377 
 2100000  0.006449116 -0.0065585465 
 2101000 0.0066545695 -0.0066633919 
 2102000 0.0064937877 -0.0065937583 
 2103000 0.0067247961 -0.006741773 
 2104000 0.0066272342 -0.0067251601 
 2105000 0.0066573406 -0.006712732 
 2106000 0.0067107804 -0.0067474222 
 2107000 0.0066957275 -0.0067362574 
 2108000 0.0066231243 -0.0067523841 
 2109000 0.0065122466 -0.0066035358 
 2110000  0.006594547 -0.0067419706 
 2111000 0.0067404648 -0.0068700753 
 2112000 0.0069585775 -0.0069932672 
 2113000 0.0068397847 -0.0070082072 
 2114000 0.0070067436 -0.0070172226 
 2115000 0.0068129371 -0.0069474593 
 2116000 0.0069695512 -0.007023697 
 2117000 0.0069717233 -0.0070357184 
 2118000 0.0068960973 -0.0069635104 
 2119000 0.0068577052 -0.0069509563 
 2120000 0.0070890915 -0.0071868232 
 2121000 0.0070171125 -0.0070855087 
 2122000 0.0069379433 -0.0069830099 
 2123000 0.0070404344 -0.0070645744 
 2124000 0.0069992463 -0.0070536592 
 2125000 0.0068498139 -0.0069242784 
 2126000 0.0070026723 -0.0070217399 
 2127000 0.0068820401 -0.006932901 
 2128000 0.0069759587 -0.0070150558 
 2129000 0.0070753634 -0.0070844119 
 2130000 0.0069265749 -0.0069552767 
 2131000 0.0069746854 -0.006966885 
 2132000  0.007036121 -0.0070879375 
 2133000 0.0070308641 -0.0070408102 
 2134000 0.0070207082 -0.0070645243 
 2135000 0.0068605573 -0.0069425147 
 2136000 0.0069228233 -0.0069583141 
 2137000 0.0070913557 -0.0070705866 
 2138000 0.0070761041 -0.0071338738 
 2139000 0.0069845883 -0.007113694 
 2140000 0.0069454418 -0.0070140065 
 2141000 0.0071550851 -0.0072089458 
 2142000 0.0071071431 -0.0071456728 
 2143000 0.0071305225 -0.0071870013 
 2144000 0.0070789988 -0.0072801875 
 2145000 0.0071504778 -0.0071872636 
 2146000 0.0070445297 -0.0071019767 
 2147000 0.0071839484 -0.0072053506 
 2148000 0.0072307705 -0.0072528812 
 2149000 0.0072110117 -0.0071762236 
 2150000 0.0072544255 -0.0072069653 
 2151000 0.0071597322 -0.007234234 
 2152000 0.0072599904 -0.0072891703 
 2153000 0.0073244315 -0.0073374232 
 2154000 0.0074389447 -0.0074558388 
 2155000 0.0075008557 -0.0075142667 
 2156000 0.0072464633 -0.0073267166 
 2157000 0.0074066749 -0.0074089968 
 2158000 0.0075262536 -0.0075215581 
 2159000 0.0074396457 -0.0075037895 
 2160000 0.0074771512 -0.0074619591 
 2161000 0.0073663241 -0.0074540355 
 2162000 0.0074083421 -0.0074441321 
 2163000 0.0073960664 -0.0074614337 
 2164000 0.0074401977 -0.0074129713 
 2165000  0.007413508 -0.0073965826 
 2166000  0.007402934 -0.0075041452 
 2167000 0.0075161717 -0.0074915564 
 2168000 0.0075820878 -0.0075876878 
 2169000 0.0075716934 -0.0075699261 
 2170000 0.0075988986 -0.0076693695 
 2171000 0.0076340942 -0.007639616 
 2172000 0.0076202347 -0.0076136733 
 2173000 0.0076529328 -0.0076315627 
 2174000 0.0077544958 -0.0077519764 
 2175000 0.0074448012 -0.0074508353 
 2176000 0.0076007257 -0.0076914036 
 2177000 0.0074609024 -0.0075258444 
 2178000 0.0075563374 -0.0075513894 
 2179000 0.0075386517 -0.007537184 
 2180000 0.0076504684 -0.0075960274 
 2181000  0.007663553 -0.0076414503 
 2182000 0.0075949854 -0.0075703386 
 2183000  0.007577967 -0.0075664173 
 2184000 0.0076209619 -0.0075704283 
 2185000 0.0076002309 -0.0076055099 
 2186000 0.0074314919 -0.0075006021 
 2187000 0.0075649245 -0.0075340542 
 2188000 0.0077467701 -0.0076726427 
 2189000 0.0076818946 -0.0076415865 
 2190000  0.007697865 -0.0077052397 
 2191000 0.0076388575 -0.0076637762 
 2192000 0.0076802247 -0.0076226013 
 2193000 0.0076648773 -0.007642719 
 2194000 0.0078522841 -0.0078276032 
 2195000 0.0078184937 -0.0077911678 
 2196000 0.0075292352 -0.0074901705 
 2197000   0.00755648 -0.0075565614 
 2198000 0.0075024301 -0.0075193421 
 2199000 0.0075865622 -0.0075266572 
 2200000 0.0075795826 -0.0076427182 
 2201000 0.0075281953 -0.0075711132 
 2202000 0.0077200668 -0.0076765751 
 2203000 0.0076865239 -0.007606331 
 2204000 0.0076808509 -0.0075889285 
 2205000 0.0075791634 -0.0075001637 
 2206000 0.0076674879 -0.0075523201 
 2207000 0.0076669099 -0.0075912635 
 2208000 0.0077049223 -0.0077009441 
 2209000 0.0075984965 -0.0075651888 
 2210000 0.0075473448 -0.0075719014 
 2211000 0.0078224116 -0.0078034097 
 2212000 0.0077374639 -0.0077454869 
 2213000 0.0077754757 -0.0077694825 
 2214000 0.0077380203 -0.0077312647 
 2215000 0.0077656953 -0.0077448006 
 2216000 0.0076803689 -0.0076158234 
 2217000 0.0075629288 -0.0076438252 
 2218000 0.0078053798 -0.0077741039 
 2219000  0.007740111 -0.0077624968 
 2220000  0.007704701 -0.0076644103 
 2221000 0.0075135908 -0.0076516228 
 2222000 0.0075625156 -0.0076160346 
 2223000 0.0075837557 -0.0076348144 
 2224000 0.0075485835 -0.0075449855 
 2225000  0.007566516 -0.0075259061 
 2226000 0.0075306095 -0.0076087796 
 2227000 0.0074777691 -0.0076227999 
 2228000 0.0075379264 -0.0076053138 
 2229000 0.0075948101 -0.0076386788 
 2230000 0.0076528043 -0.0078005156 
 2231000  0.007695248 -0.007684868 
 2232000 0.0077126894 -0.0077640995 
 2233000  0.007430736 -0.0075554754 
 2234000 0.0075574426 -0.0075784035 
 2235000  0.007539964 -0.0076401069 
 2236000    0.0076156 -0.0076658541 
 2237000 0.0077117818 -0.0077239343 
 2238000 0.0075717016 -0.0076527335 
 2239000  0.007618249 -0.0076411792 
 2240000 0.0076381358 -0.0076538061 
 2241000  0.007670675 -0.0076596125 
 2242000 0.0077495356 -0.007761114 
 2243000 0.0075752046 -0.0075895731 
 2244000 0.0076042912 -0.0076593529 
 2245000 0.0077652419 -0.0077728308 
 2246000 0.0076803209 -0.0077540026 
 2247000 0.0076450804 -0.0076296503 
 2248000 0.0076892549 -0.0076951763 
 2249000 0.0076050657 -0.0076149593 
 2250000 0.0075383721 -0.0075652933 
 2251000 0.0075234409 -0.0075466071 
 2252000 0.0076321285 -0.0076451783 
 2253000 0.0076065122 -0.0076344576 
 2254000 0.0076312255 -0.0076178905 
 2255000  0.007546167 -0.0076747777 
 2256000 0.0076183944 -0.0076861171 
 2257000 0.0076642805 -0.0077266588 
 2258000 0.0077402265 -0.0078068554 
 2259000 0.0075053567 -0.0076149145 
 2260000 0.0075233408 -0.0075952433 
 2261000  0.007565668 -0.0076034693 
 2262000 0.0076180765 -0.007665064 
 2263000 0.0076616384 -0.0076613011 
 2264000 0.0075577594 -0.0076398404 
 2265000 0.0077108867 -0.0077017678 
 2266000 0.0076658085 -0.0076790286 
 2267000 0.0076121611 -0.007630625 
 2268000 0.0075761579 -0.0075689166 
 2269000 0.0075725903 -0.0076413163 
 2270000 0.0076312561 -0.0076339209 
 2271000 0.0075700525 -0.0076983461 
 2272000 0.0075143051 -0.0076834617 
 2273000 0.0075859308 -0.0076081621 
 2274000  0.007579246 -0.0076308471 
 2275000 0.0074898089 -0.0075458056 
 2276000 0.0075575282 -0.0076629193 
 2277000 0.0075339276 -0.0076741131 
 2278000 0.0076520827 -0.0077245099 
 2279000 0.0076995122 -0.0078145891 
 2280000 0.0074798488 -0.0076022434 
 2281000 0.0074849022 -0.0076428163 
 2282000 0.0076081756 -0.0076882536 
 2283000 0.0076292645 -0.0077047631 
 2284000 0.0076032136 -0.007667671 
 2285000 0.0075324252 -0.0076182149 
 2286000 0.0075839539 -0.0076654247 
 2287000 0.0074510603 -0.007600251 
 2288000 0.0073741851 -0.0074161894 
 2289000 0.0073727628 -0.007466902 
 2290000 0.0073049167 -0.0073366271 
 2291000 0.0072824775 -0.0073477709 
 2292000 0.0073655014 -0.0074786986 
 2293000  0.007376207 -0.0074315932 
 2294000 0.0075536135 -0.0075480518 
 2295000 0.0075365389 -0.0075785439 
 2296000 0.0075190393 -0.0076006283 
 2297000 0.0073563995 -0.0074083737 
 2298000 0.0074155284 -0.0074088405 
 2299000 0.0073487749 -0.0074400149 
 2300000 0.0072923461 -0.0074530935 
 2301000 0.0073126451 -0.007446838 
 2302000 0.0074288942 -0.007436646 
 2303000 0.0073187818 -0.007390187 
 2304000   0.00722076 -0.0072706584 
 2305000 0.0072276249 -0.0073565546 
 2306000 0.0073421735 -0.0074645142 
 2307000 0.0074000614 -0.0074978493 
 2308000 0.0074406664 -0.0075601346 
 2309000 0.0074043297 -0.0074723657 
 2310000 0.0074223831 -0.007567853 
 2311000  0.007445258 -0.0075804779 
 2312000 0.0074703101 -0.0075907173 
 2313000 0.0076359893 -0.007780681 
 2314000 0.0074316994 -0.0074722528 
 2315000 0.0075816083 -0.0076794648 
 2316000 0.0073937821 -0.0075742702 
 2317000 0.0074090541 -0.0074399481 
 2318000 0.0074250392 -0.0074894597 
 2319000 0.0073792119 -0.0074882103 
 2320000 0.0073693993 -0.0075106855 
 2321000 0.0074569833 -0.0075203455 
 2322000 0.0072475482 -0.0073475792 
 2323000 0.0071969437 -0.0072835849 
 2324000 0.0073172874 -0.0073694059 
 2325000 0.0072988628 -0.0073587392 
 2326000 0.0074595937 -0.0074894126 
 2327000 0.0074072123 -0.0074926003 
 2328000 0.0073345907 -0.0074550057 
 2329000 0.0072511771 -0.0074321282 
 2330000 0.0072709943 -0.0072892736 
 2331000 0.0072234433 -0.0072939072 
 2332000 0.0073836301 -0.0073490147 
 2333000 0.0071923235 -0.007292047 
 2334000 0.0073462841 -0.0074278853 
 2335000 0.0074916007 -0.0076181444 
 2336000 0.0073312772 -0.0075047832 
 2337000 0.0074184655 -0.0075016117 
 2338000 0.0073585305 -0.0075230612 
 2339000  0.007314412 -0.0074131226 
 2340000 0.0074511393 -0.0075115803 
 2341000 0.0074205161 -0.0074569319 
 2342000 0.0075732237 -0.0075823698 
 2343000 0.0074631392 -0.0075141624 
 2344000 0.0074052692 -0.0074512583 
 2345000 0.0074545852 -0.0075162808 
 2346000  0.007551013 -0.0075776658 
 2347000 0.0075166849 -0.0075083931 
 2348000 0.0074325958 -0.0075781174 
 2349000 0.0074548573 -0.0075254526 
 2350000 0.0074206579 -0.007557565 
 2351000 0.0075907193 -0.0076230284 
 2352000 0.0075522187 -0.0076011865 
 2353000 0.0074062956 -0.0075448821 
 2354000 0.0074925769 -0.0075461964 
 2355000 0.0076198301 -0.0076459951 
 2356000 0.0074456561 -0.0075231032 
 2357000  0.007539777 -0.0075885341 
 2358000 0.0075937733 -0.0075760247 
 2359000 0.0075606846 -0.0076022752 
 2360000 0.0074263562 -0.0075047333 
 2361000 0.0075268172 -0.007502702 
 2362000 0.0076746671 -0.0077851983 
 2363000  0.007438878 -0.007473994 
 2364000 0.0074702941 -0.0075054327 
 2365000 0.0074653035 -0.0075044487 
 2366000 0.0076002197 -0.0074911075 
 2367000  0.007584762 -0.0076106733 
 2368000 0.0074868896 -0.0076111392 
 2369000 0.0075006807 -0.007552982 
 2370000 0.0073456417 -0.007485897 
 2371000 0.0074525558 -0.0075516432 
 2372000 0.0074758602 -0.0075803887 
 2373000 0.0076809605 -0.007650434 
 2374000 0.0075544338 -0.0076400103 
 2375000 0.0076813298 -0.0077318148 
 2376000 0.0074125286 -0.007477794 
 2377000 0.0074484938 -0.0075554917 
 2378000 0.0074016614 -0.007449383 
 2379000  0.007437216 -0.0075622829 
 2380000 0.0074859749 -0.0075064071 
 2381000  0.007521964 -0.0075478183 
 2382000 0.0074970157 -0.0075869032 
 2383000 0.0075244898 -0.0076250539 
 2384000 0.0075176972 -0.0076275963 
 2385000  0.007497843 -0.0076494053 
 2386000 0.0074506438 -0.007520265 
 2387000 0.0075214188 -0.0076134952 
 2388000 0.0077115466 -0.0077307968 
 2389000 0.0076154367 -0.0075733669 
 2390000 0.0076059932 -0.0075883684 
 2391000 0.0075310132 -0.0075762867 
 2392000 0.0074846927 -0.0074847567 
 2393000 0.0073946633 -0.0075093354 
 2394000 0.0074770182  -0.00756031 
 2395000 0.0073977989 -0.0074493374 
 2396000 0.0074793235 -0.0074978582 
 2397000 0.0074775338 -0.0074248489 
 2398000 0.0075277461 -0.0076257076 
 2399000 0.0074849214 -0.0075348051 
 2400000 0.0074381481 -0.0074832267 
 2401000 0.0074091012 -0.0074851797 
 2402000 0.0075231808 -0.0076379599 
 2403000 0.0075361471 -0.0076668564 
 2404000 0.0074186987 -0.0076099169 
 2405000 0.0074483593 -0.0075369947 
 2406000 0.0074416518 -0.0075214003 
 2407000 0.0074600321 -0.0075519993 
 2408000 0.0073432334 -0.0074455494 
 2409000 0.0075500346 -0.0076529619 
 2410000 0.0075788776 -0.0076199246 
 2411000 0.0074705857 -0.0075752391 
 2412000 0.0075604196 -0.0075481699 
 2413000 0.0075370702 -0.007607596 
 2414000 0.0075609295 -0.0076422365 
 2415000 0.0075697594 -0.0076113621 
 2416000 0.0075320292 -0.0075893284 
 2417000  0.007503321 -0.0075885605 
 2418000 0.0073665683 -0.0074787001 
 2419000 0.0074776673 -0.0075360056 
 2420000 0.0073893283 -0.0075116063 
 2421000 0.0074999947 -0.0075887807 
 2422000   0.00755446 -0.0076560957 
 2423000  0.007591464 -0.0076892912 
 2424000  0.007487052 -0.0075459117 
 2425000 0.0075046628 -0.0075260312 
 2426000 0.0075966148 -0.0076454961 
 2427000 0.0072724191 -0.0073679215 
 2428000 0.0074973818 -0.007545182 
 2429000 0.0074668041 -0.0076101383 
 2430000 0.0075020074 -0.0075374993 
 2431000  0.007514261 -0.0076487304 
 2432000 0.0074400212 -0.0074690664 
 2433000 0.0074822113 -0.0075527972 
 2434000 0.0075932363 -0.0076144669 
 2435000  0.007486755 -0.0075673427 
 2436000 0.0075591029 -0.0076615754 
 2437000 0.0074330068 -0.0075583916 
 2438000 0.0074475177 -0.0074692802 
 2439000  0.007346382 -0.0074267357 
 2440000 0.0073226481 -0.0074109661 
 2441000 0.0074059325 -0.0074672717 
 2442000 0.0074718329 -0.0075489731 
 2443000 0.0074043924 -0.0074232595 
 2444000 0.0075985567 -0.0075344111 
 2445000 0.0075825156 -0.0075707013 
 2446000 0.0075113318 -0.0075596582 
 2447000 0.0075109772 -0.0074750947 
 2448000 0.0075008308 -0.0074545836 
 2449000 0.0074639489 -0.007456965 
 2450000 0.0075110532 -0.0074923566 
 2451000 0.0074626693 -0.0075609539 
 2452000 0.0074549999 -0.0075210842 
 2453000 0.0075142076 -0.0075687105 
 2454000 0.0075096305 -0.0075107857 
 2455000 0.0074670451 -0.0075483984 
 2456000 0.0073771422 -0.0073993221 
 2457000 0.0075569968 -0.0076894091 
 2458000  0.007575931 -0.0075368964 
 2459000 0.0074714244 -0.007530462 
 2460000 0.0076785404 -0.0077298241 
 2461000 0.0075777727 -0.0076378497 
 2462000 0.0076604513 -0.0077185631 
 2463000 0.0075414963 -0.0076771377 
 2464000 0.0076294392 -0.0076543296 
 2465000 0.0076884563 -0.0076775797 
 2466000 0.0076530266 -0.0076381135 
 2467000 0.0077651134 -0.0078631123 
 2468000 0.0076815029 -0.0077741454 
 2469000 0.0074586219 -0.0076255725 
 2470000 0.0075285913 -0.0076116689 
 2471000 0.0075663755 -0.0076192415 
 2472000 0.0072903216 -0.0073745786 
 2473000  0.007403424 -0.0074879481 
 2474000  0.007473347 -0.0075320597 
 2475000 0.0074432367 -0.007403675 
 2476000 0.0075136409 -0.0075361489 
 2477000 0.0072816985 -0.0072771708 
 2478000 0.0073483508 -0.007487707 
 2479000 0.0075889873 -0.0075547474 
 2480000 0.0074172701 -0.0074676752 
 2481000 0.0074677556 -0.0074763747 
 2482000 0.0075053125 -0.0075047149 
 2483000 0.0075412798 -0.0076144915 
 2484000 0.0076010072 -0.0076832482 
 2485000 0.0076939113 -0.0076450952 
 2486000 0.0076358303 -0.0077351149 
 2487000 0.0077482937 -0.0077519888 
 2488000  0.007724664 -0.0077948025 
 2489000 0.0076152272 -0.0077330607 
 2490000 0.0077364898 -0.0077960628 
 2491000 0.0077014039 -0.0077401757 
 2492000 0.0078169646 -0.0078801508 
 2493000 0.0078365978 -0.0079164619 
 2494000 0.0075467436 -0.0077167185 
 2495000 0.0078056749 -0.0077365386 
 2496000 0.0077476587 -0.0077291731 
 2497000 0.0078733902 -0.0078749994 
 2498000 0.0078599394 -0.0078791476 
 2499000 0.0078916984 -0.0079389399 
 2500000 0.0077827807 -0.0078222914 
 2501000 0.0078636361 -0.0079210964 
 2502000 0.0078372641 -0.0078598649 
 2503000 0.0079674442 -0.0079806695 
 2504000 0.0079665863 -0.0078797492 
 2505000 0.0079566183 -0.0079614141 
 2506000 0.0078542895 -0.0078881195 
 2507000 0.0078674817 -0.0077995375 
 2508000 0.0078678261 -0.0077975599 
 2509000 0.0078218256 -0.0078316487 
 2510000 0.0078670374 -0.0078203194 
 2511000 0.0079484385 -0.0078571749 
 2512000 0.0076979425 -0.0077313578 
 2513000  0.007771163 -0.0078679111 
 2514000 0.0077624425 -0.007822254 
 2515000  0.007654066 -0.007700082 
 2516000 0.0077310502 -0.007789228 
 2517000 0.0077209542 -0.0078008422 
 2518000 0.0079304206 -0.0079132322 
 2519000 0.0077589128 -0.0077930967 
 2520000 0.0075590514 -0.0076565234 
 2521000 0.0078771981 -0.0078625266 
 2522000  0.007753214 -0.0076896447 
 2523000 0.0078761388 -0.0077907259 
 2524000 0.0079127202 -0.0079516389 
 2525000 0.0079203628 -0.007928846 
 2526000 0.0078701081 -0.0078383763 
 2527000 0.0079609811 -0.0079426823 
 2528000 0.0078668613 -0.0078698103 
 2529000 0.0079422127 -0.0079286574 
 2530000 0.0080637146 -0.0080235184 
 2531000 0.0078344023 -0.007953971 
 2532000 0.0079372239 -0.0079473968 
 2533000 0.0079047309 -0.0079526736 
 2534000 0.0079771721 -0.0079861056 
 2535000 0.0080546127 -0.0080392668 
 2536000 0.0078958617 -0.0079791574 
 2537000 0.0078477809 -0.0078574046 
 2538000 0.0079514277 -0.0080128766 
 2539000 0.0079910942 -0.0079603283 
 2540000 0.0077813828 -0.0078120533 
 2541000 0.0077815518 -0.0078349674 
 2542000 0.0078129659 -0.007729392 
 2543000 0.0077097263 -0.0077395618 
 2544000 0.0077312672 -0.007753767 
 2545000 0.0077324105  -0.00776553 
 2546000 0.0077363354 -0.0077954403 
 2547000 0.0076314274 -0.0077189132 
 2548000 0.0077219016 -0.0077655177 
 2549000 0.0078638374 -0.0079468887 
 2550000 0.0079547721 -0.0079687306 
 2551000 0.0079720123 -0.0079568617 
 2552000 0.0079463164 -0.0079281564 
 2553000 0.0078563141 -0.0078513738 
 2554000 0.0077512521 -0.0077184586 
 2555000 0.0078346981 -0.0078033657 
 2556000 0.0079141558 -0.0078126891 
 2557000   0.00770475 -0.0077150888 
 2558000 0.0077446259 -0.0077310993 
 2559000  0.007705673 -0.0077417508 
 2560000 0.0077819343 -0.0078631348 
 2561000 0.0078988072 -0.0079658949 
 2562000 0.0079580492 -0.0079498041 
 2563000 0.0079430414 -0.0078512068 
 2564000 0.0079354945 -0.0078881474 
 2565000 0.0078554348 -0.0078637403 
 2566000 0.0078989716 -0.0078834136 
 2567000 0.0080384858 -0.0079888521 
 2568000 0.0080654901 -0.008064935 
 2569000 0.0079970008 -0.0080574721 
 2570000 0.0079418687 -0.0079402485 
 2571000 0.0080643659 -0.0080145337 
 2572000 0.0079569126 -0.0079141229 
 2573000 0.0079385239 -0.0079537796 
 2574000 0.0080139182 -0.0080284949 
 2575000 0.0080071769 -0.0080092549 
 2576000 0.0081520866 -0.0080959696 
 2577000 0.0081305835 -0.0080458743 
 2578000 0.0080216968 -0.0080272514 
 2579000 0.0081205393 -0.0080769922 
 2580000  0.007899555 -0.0077938998 
 2581000 0.0080064321 -0.0079346253 
 2582000 0.0079876029 -0.0079515909 
 2583000  0.007966421 -0.007968675 
 2584000 0.0079454266 -0.0079264225 
 2585000 0.0079058134 -0.0079400564 
 2586000 0.0078591771 -0.0079308963 
 2587000 0.0078933353 -0.0079165893 
 2588000 0.0078881601 -0.0078597486 
 2589000 0.0079142084 -0.0079713082 
 2590000 0.0078806253 -0.0078605521 
 2591000 0.0079910324 -0.0080624727 
 2592000 0.0077699356 -0.0078599098 
 2593000 0.0079261524 -0.0079958918 
 2594000  0.007908991 -0.0079388392 
 2595000 0.0078702733 -0.0079981589 
 2596000 0.0080251269 -0.0080838396 
 2597000 0.0080646241 -0.0080388191 
 2598000 0.0080315322 -0.0080807468 
 2599000 0.0081028494 -0.0081959958 
 2600000 0.0080572469 -0.0081209961 
 2601000 0.0080368199 -0.0081136958 
 2602000 0.0081054713 -0.0080814962 
 2603000 0.0079926424 -0.008024941 
 2604000 0.0080232037 -0.0080166915 
 2605000 0.0080051457 -0.0079985765 
 2606000 0.0079710944 -0.0079862318 
 2607000 0.0080595954 -0.0079822874 
 2608000 0.0080940214 -0.0080586689 
 2609000 0.0080343369 -0.0080271176 
 2610000 0.0080408397 -0.0079928036 
 2611000 0.0079037952 -0.0078609659 
 2612000 0.0078645235 -0.0078538976 
 2613000 0.0079497767 -0.0079053958 
 2614000 0.0079322344 -0.007966129 
 2615000 0.0079054438 -0.0078553004 
 2616000  0.007901172 -0.0079464858 
 2617000 0.0078352261 -0.0078412715 
 2618000 0.0080237252 -0.007983764 
 2619000  0.007803963 -0.0078341341 
 2620000 0.0078382012 -0.0078319816 
 2621000 0.0079315677 -0.007838078 
 2622000 0.0080048727 -0.007917202 
 2623000 0.0078893841 -0.0078219208 
 2624000 0.0078676817 -0.0078799073 
 2625000 0.0079106155 -0.0078167348 
 2626000 0.0077898544 -0.0078110473 
 2627000  0.007790999 -0.0078049771 
 2628000 0.0079156133 -0.0078554478 
 2629000 0.0078616465 -0.0078428639 
 2630000  0.007946371 -0.0079989992 
 2631000 0.0080518427 -0.0080157791 
 2632000 0.0080993508 -0.0079969887 
 2633000 0.0079159083 -0.0078338135 
 2634000 0.0079237594 -0.0079491567 
 2635000  0.007884524 -0.0078112244 
 2636000 0.0079091435 -0.0078761459 
 2637000 0.0077961487 -0.0077578728 
 2638000 0.0077463345 -0.0077957667 
 2639000 0.0077692029 -0.0077337419 
 2640000 0.0077359365 -0.0077928094 
 2641000 0.0077631209 -0.0077243026 
 2642000 0.0077728189 -0.0077762741 
 2643000  0.007770226 -0.0078196081 
 2644000 0.0078501253 -0.0078163209 
 2645000 0.0077786138 -0.0078049677 
 2646000 0.0077038069 -0.0077479075 
 2647000 0.0078690867 -0.0078047154 
 2648000 0.0077993477 -0.0078270957 
 2649000 0.0078678037 -0.0077956647 
 2650000 0.0078748416 -0.0078616465 
 2651000 0.0077417879 -0.0078028305 
 2652000 0.0077251486 -0.0077349888 
 2653000 0.0077717187 -0.0076495533 
 2654000 0.0078397391 -0.0077636388 
 2655000 0.0077556945 -0.0077156127 
 2656000 0.0077164038 -0.0077168856 
 2657000 0.0078159384 -0.007738743 
 2658000 0.0077632284 -0.0077306359 
 2659000 0.0077566935 -0.0077802175 
 2660000 0.0078561394 -0.0078682382 
 2661000 0.0077352779 -0.0077660318 
 2662000 0.0077599954 -0.0077345417 
 2663000 0.0078973175 -0.007824875 
 2664000 0.0078387524 -0.007763381 
 2665000  0.007773168 -0.0076957983 
 2666000 0.0078592693 -0.0078354225 
 2667000 0.0076956336 -0.0077064866 
 2668000 0.0078695956 -0.0078478657 
 2669000 0.0078174244 -0.0078262908 
 2670000 0.0077190376 -0.007687774 
 2671000 0.0078207983 -0.0077720756 
 2672000  0.007714768 -0.0077705185 
 2673000 0.0076792572 -0.0077152281 
 2674000 0.0078115535 -0.0078299243 
 2675000 0.0077092227 -0.0076364769 
 2676000 0.0075924439 -0.0076380139 
 2677000 0.0077152846 -0.0077535846 
 2678000 0.0077142682 -0.007800789 
 2679000 0.0078242363 -0.0078708252 
 2680000 0.0077692935 -0.0078521331 
 2681000 0.0078649698 -0.0078074231 
 2682000 0.0078015179 -0.0078346395 
 2683000 0.0079406662 -0.0079548048 
 2684000 0.0079336204 -0.007920898 
 2685000 0.0078047072 -0.0078531723 
 2686000 0.0078703621 -0.0079281223 
 2687000 0.0079183771 -0.0079309361 
 2688000  0.007919617 -0.007909084 
 2689000 0.0079920007 -0.0079729953 
 2690000 0.0080710818 -0.008070453 
 2691000 0.0079191797 -0.0079067457 
 2692000 0.0079059676 -0.0078935093 
 2693000 0.0078837965 -0.0078860008 
 2694000 0.0079499357 -0.007939709 
 2695000 0.0078694438 -0.0079128198 
 2696000  0.007830122 -0.0078031136 
 2697000  0.007699332 -0.0077987683 
 2698000 0.0077866251  -0.00778065 
 2699000 0.0077629873 -0.0078081331 
 2700000 0.0077979926 -0.0079311129 
 2701000 0.0077369121 -0.0076882002 
 2702000 0.0076861539 -0.0077236343 
 2703000 0.0077411536 -0.0076677276 
 2704000 0.0076336553 -0.0076858369 
 2705000  0.007633962 -0.0076411036 
 2706000 0.0076961262 -0.0077168647 
 2707000 0.0076631008 -0.0076177497 
 2708000 0.0077185132 -0.0077412814 
 2709000 0.0077356784 -0.0077656159 
 2710000  0.007695928 -0.0076643176 
 2711000  0.007729273 -0.0077397336 
 2712000 0.0077917016 -0.0078011382 
 2713000 0.0077078066 -0.0078430806 
 2714000 0.0076786448 -0.0077522436 
 2715000 0.0077254179 -0.0077265676 
 2716000 0.0076514634 -0.0077799288 
 2717000 0.0076195421 -0.0076392282 
 2718000 0.0076105702 -0.0075989611 
 2719000 0.0076272868 -0.0076841518 
 2720000 0.0078336719 -0.0078149348 
 2721000 0.0076480078 -0.007696041 
 2722000 0.0077761288 -0.0077569322 
 2723000 0.0077182851 -0.0077216694 
 2724000  0.007803484 -0.0077514645 
 2725000 0.0077659257 -0.007718396 
 2726000 0.0078150646 -0.0078075155 
 2727000 0.0077169975 -0.0077354851 
 2728000 0.0076605706 -0.0077260726 
 2729000 0.0078368452 -0.0078093935 
 2730000 0.0077976625 -0.0077807234 
 2731000 0.0078518965 -0.0078066117 
 2732000 0.0078689169 -0.0078773748 
 2733000 0.0079001321 -0.0078426342 
 2734000 0.0079381543 -0.0078757041 
 2735000 0.0078949469 -0.0078870285 
 2736000  0.007909298 -0.0079528411 
 2737000 0.0077424499 -0.007812481 
 2738000 0.0078082902 -0.0078024881 
 2739000 0.0078197385 -0.0078227557 
 2740000 0.0077417643 -0.0078034546 
 2741000  0.007832859 -0.0077574369 
 2742000 0.0077871872 -0.0077622251 
 2743000 0.0076379699 -0.0076696333 
 2744000 0.0078567238 -0.0077264289 
 2745000 0.0078528597 -0.0077824115 
 2746000 0.0078560717 -0.0078944812 
 2747000 0.0077915279 -0.0078069598 
 2748000 0.0078230433 -0.0078791636 
 2749000 0.0078134705 -0.0078602185 
 2750000 0.0078989586 -0.0078517096 
 2751000 0.0078345304 -0.0078183355 
 2752000 0.0078260958 -0.0078431921 
 2753000  0.007927344 -0.0079237864 
 2754000 0.0077404593 -0.0077368933 
 2755000 0.0078395664 -0.0078483925 
 2756000 0.0078118057 -0.0078094263 
 2757000  0.007848128 -0.0078662274 
 2758000 0.0077763661 -0.0077994639 
 2759000  0.007747478 -0.0078056448 
 2760000 0.0077021396 -0.0076712094 
 2761000    0.0077211 -0.0077552124 
 2762000 0.0076198459 -0.0076831397 
 2763000 0.0079212867 -0.007872457 
 2764000 0.0077057333 -0.0076950027 
 2765000 0.0077155692 -0.007739673 
 2766000 0.0077633566 -0.0078257035 
 2767000 0.0078535278 -0.0077843709 
 2768000 0.0079003916 -0.0078673574 
 2769000 0.0077845648 -0.0078046003 
 2770000 0.0078426731 -0.0078412719 
 2771000  0.007839369 -0.0078963355 
 2772000 0.0079070472 -0.0079380636 
 2773000 0.0078254266 -0.0078260409 
 2774000 0.0079110362 -0.0078654763 
 2775000 0.0078628729 -0.0078329986 
 2776000 0.0076883154 -0.0077277551 
 2777000 0.0078557941 -0.0078085984 
 2778000 0.0077130625 -0.0076770773 
 2779000 0.0075824331 -0.0076618689 
 2780000 0.0078420346 -0.0077981955 
 2781000 0.0078674725 -0.0078942855 
 2782000 0.0078816722 -0.0078485298 
 2783000 0.0078212206 -0.0078183857 
 2784000 0.0077274522 -0.0077339849 
 2785000 0.0077657531 -0.007813027 
 2786000 0.0078482062 -0.0078338762 
 2787000 0.0077647643 -0.0077138754 
 2788000 0.0078568172 -0.007808854 
 2789000 0.0077958017 -0.0077725291 
 2790000  0.007671311 -0.0076966489 
 2791000 0.0078396938 -0.0078543921 
 2792000 0.0078312089 -0.007868931 
 2793000    0.0077592 -0.0077711833 
 2794000 0.0075777027 -0.0076702074 
 2795000  0.007697531 -0.0077011244 
 2796000 0.0077852404 -0.0078208347 
 2797000 0.0077898755 -0.0078379506 
 2798000 0.0077489063 -0.0077656519 
 2799000 0.0077088983 -0.0077344584 
 2800000 0.0077795789 -0.0077402534 
 2801000 0.0078347668 -0.0077967666 
 2802000 0.0077107328 -0.0077844915 
 2803000 0.0078461748 -0.0078544404 
 2804000 0.0078893483 -0.0078719007 
 2805000 0.0078843263 -0.0078595463 
 2806000 0.0077399659 -0.0077266373 
 2807000 0.0077997603 -0.0077480813 
 2808000 0.0080423598 -0.0080075181 
 2809000 0.0078774368 -0.0078907311 
 2810000 0.0077868995 -0.0078386277 
 2811000 0.0078197687    -0.007896 
 2812000 0.0079552153 -0.0079287488 
 2813000 0.0077704869 -0.0078126663 
 2814000 0.0078592411 -0.0079469469 
 2815000 0.0079620648 -0.0080248338 
 2816000 0.0080137253 -0.0080961988 
 2817000 0.0079672505 -0.0079841875 
 2818000 0.0080273113 -0.0080235171 
 2819000 0.0078406316 -0.0079557539 
 2820000 0.0080203369 -0.0081429546 
 2821000 0.0078864989 -0.0079841388 
 2822000 0.0079678239 -0.0079716288 
 2823000 0.0080452073 -0.0080764624 
 2824000 0.0079300404 -0.0078998159 
 2825000 0.0079007202 -0.0078830147 
 2826000 0.0079965331 -0.0079884718 
 2827000 0.0078552246 -0.0078954002 
 2828000 0.0078002807 -0.0078741477 
 2829000 0.0079745689 -0.007972878 
 2830000 0.0078769845 -0.0079004563 
 2831000 0.0080872657 -0.0081136118 
 2832000 0.0081601969 -0.0081521274 
 2833000 0.0079619412 -0.0080603566 
 2834000 0.0080981496 -0.0081780574 
 2835000 0.0080147588 -0.0080562586 
 2836000 0.0080747463 -0.0080192195 
 2837000 0.0080442744 -0.0080647514 
 2838000 0.0079083215 -0.0079590179 
 2839000 0.0079484885 -0.0079060501 
 2840000 0.0080447578 -0.0079956428 
 2841000 0.0077374479 -0.0077985826 
 2842000 0.0079303809 -0.007924923 
 2843000 0.0079160031 -0.0079982552 
 2844000 0.0079920203 -0.0080392577 
 2845000 0.0079736641 -0.0079919353 
 2846000 0.0080259355 -0.007980974 
 2847000 0.0079552775 -0.0078851712 
 2848000 0.0079923842 -0.0079456343 
 2849000 0.0079939154 -0.0079692791 
 2850000  0.007970088 -0.0079809974 
 2851000 0.0080161884 -0.0080337174 
 2852000 0.0079533649 -0.0079937925 
 2853000 0.0080647843 -0.0080013086 
 2854000 0.0079302659 -0.0080106403 
 2855000 0.0079747458 -0.0080310434 
 2856000 0.0081855906 -0.0081601922 
 2857000 0.0081254216 -0.008086958 
 2858000 0.0081180275 -0.0080734428 
 2859000 0.0081515728 -0.0080867433 
 2860000 0.0080650699 -0.0081116448 
 2861000  0.008132734 -0.0080002334 
 2862000 0.0080976382 -0.007995522 
 2863000 0.0080537975 -0.0080241303 
 2864000 0.0079927013 -0.0079004971 
 2865000 0.0082115825 -0.0081715167 
 2866000 0.0081326095 -0.0081499609 
 2867000 0.0080686877 -0.008022364 
 2868000 0.0081301148 -0.0081076857 
 2869000 0.0080589112 -0.0080645537 
 2870000 0.0079489263 -0.0079576447 
 2871000 0.0079175704 -0.0079393988 
 2872000 0.0080027906 -0.0080088542 
 2873000 0.0080719385  -0.00807641 
 2874000 0.0081507296 -0.0081675943 
 2875000 0.0080559186 -0.008030571 
 2876000  0.008056235 -0.0081239798 
 2877000 0.0082386621 -0.0083041105 
 2878000 0.0081753897 -0.0082284493 
 2879000 0.0081290736 -0.0082409465 
 2880000 0.0081241291 -0.0082333322 
 2881000 0.0081819667 -0.0082490547 
 2882000 0.0082386639 -0.0083301869 
 2883000 0.0081605783 -0.0081745993 
 2884000 0.0081582103 -0.0082143318 
 2885000 0.0081591542 -0.0081392311 
 2886000 0.0082234399 -0.0081633492 
 2887000 0.0081138393 -0.0080582709 
 2888000 0.0082350895 -0.0082064869 
 2889000 0.0081827137 -0.0082582757 
 2890000 0.0082077046 -0.0082260784 
 2891000 0.0079785376 -0.0080755768 
 2892000 0.0080453356 -0.0081560138 
 2893000 0.0080846331 -0.0081665053 
 2894000 0.0081435848 -0.0082250417 
 2895000 0.0082833015 -0.0083913792 
 2896000 0.0081409541 -0.0082107781 
 2897000 0.0081555871 -0.0082267539 
 2898000  0.008257895  -0.00826324 
 2899000 0.0081787784 -0.0082880407 
 2900000 0.0082666659  -0.00827788 
 2901000 0.0082606471 -0.0083508323 
 2902000 0.0080301661 -0.0082044639 
 2903000 0.0081914186 -0.0082997195 
 2904000 0.0082485359 -0.0082782191 
 2905000  0.008319871 -0.0084158849 
 2906000  0.008371394 -0.0084359432 
 2907000 0.0083252006 -0.0084423709 
 2908000  0.008171835 -0.0082848804 
 2909000 0.0082108357 -0.0082363085 
 2910000 0.0082122964 -0.0084079294 
 2911000 0.0082497294 -0.0083573088 
 2912000 0.0081721547 -0.008263716 
 2913000 0.0081522681 -0.0082200231 
 2914000 0.0082262448 -0.0082811962 
 2915000 0.0080909381 -0.0080616485 
 2916000 0.0080282356 -0.0080800512 
 2917000 0.0080578004 -0.0081747823 
 2918000 0.0080989201 -0.0081372959 
 2919000 0.0079607075 -0.0080245631 
 2920000 0.0079453168 -0.0080026854 
 2921000 0.0081616906 -0.0081805164 
 2922000 0.0081501683 -0.0081968097 
 2923000 0.0080506349 -0.008104387 
 2924000 0.0081464629 -0.0082198037 
 2925000 0.0080082746 -0.0081163296 
 2926000 0.0081593585 -0.0082979156 
 2927000   0.00819714 -0.0082574077 
 2928000 0.0081139819 -0.0082086464 
 2929000 0.0079762814 -0.0079656613 
 2930000 0.0080241521 -0.0080495062 
 2931000 0.0079753074 -0.0080054038 
 2932000 0.0080327963 -0.008085214 
 2933000 0.0079963524 -0.0080546732 
 2934000 0.0080305943 -0.0080612321 
 2935000 0.0080303009 -0.0080473397 
 2936000 0.0081046922 -0.008168956 
 2937000  0.008121029 -0.0081216178 
 2938000  0.007997169 -0.0080621188 
 2939000 0.0079841673 -0.0081129337 
 2940000   0.00803088 -0.0080243843 
 2941000 0.0078654654 -0.0079584629 
 2942000 0.0079450688 -0.0079888893 
 2943000 0.0080245806 -0.008024142 
 2944000  0.007944875 -0.007941711 
 2945000 0.0081091346 -0.0080342456 
 2946000 0.0080015266 -0.0080189339 
 2947000 0.0078790633 -0.0080007642 
 2948000 0.0077405428 -0.0078331986 
 2949000 0.0079826585 -0.0080628735 
 2950000 0.0079627269 -0.0080121232 
 2951000 0.0079195276 -0.0079694695 
 2952000 0.0080742569 -0.0080802836 
 2953000  0.007946459 -0.0080018768 
 2954000 0.0080682561 -0.0081446014 
 2955000 0.0079050942 -0.0080573454 
 2956000  0.008139735 -0.008187964 
 2957000 0.0081469846 -0.0081709977 
 2958000 0.0081428472 -0.0081506701 
 2959000 0.0081203561 -0.0081935048 
 2960000 0.0082707197 -0.0082786034 
 2961000 0.0081490348 -0.0081586834 
 2962000 0.0082119696 -0.008159339 
 2963000 0.0080836782 -0.0080603127 
 2964000 0.0082346015 -0.0081354732 
 2965000 0.0081785868 -0.008086464 
 2966000 0.0079856255 -0.0079193975 
 2967000 0.0081139494 -0.0080573857 
 2968000 0.0080276995 -0.0079986174 
 2969000 0.0079993397 -0.0079764347 
 2970000 0.0079598194 -0.0079794726 
 2971000  0.008008674 -0.0079264028 
 2972000 0.0080316487 -0.0079781515 
 2973000 0.0079949774 -0.0080632408 
 2974000 0.0080050067 -0.0080474144 
 2975000 0.0080313863 -0.007995926 
 2976000 0.0079504306 -0.0079943661 
 2977000 0.0079433356 -0.0079324144 
 2978000 0.0080552987 -0.0080094785 
 2979000 0.0080743745 -0.0080668961 
 2980000 0.0079561465 -0.007997026 
 2981000  0.008082743 -0.0079747569 
 2982000 0.0080265563 -0.0080603353 
 2983000 0.0081285162 -0.0081471126 
 2984000 0.0081259771 -0.0081451169 
 2985000 0.0082996881 -0.0083169104 
 2986000 0.0082559321 -0.0081854612 
 2987000 0.0083788705 -0.0082913576 
 2988000 0.0082454012 -0.0081936238 
 2989000 0.0082951406 -0.0082490698 
 2990000 0.0084009689 -0.0083712143 
 2991000 0.0083010502 -0.0083161248 
 2992000 0.0083646735 -0.008406088 
 2993000 0.0083214425 -0.0082438767 
 2994000 0.0082960468 -0.0083195481 
 2995000 0.0083596719 -0.0083472856 
 2996000 0.0081756394 -0.0082151478 
 2997000 0.0082802282 -0.0082752955 
 2998000  0.008345679 -0.008323927 
 2999000 0.0082319655 -0.0082390769 
 3000000 0.0081823053 -0.008200683 
 3001000 0.0083057745 -0.0082848008 
 3002000 0.0081170821 -0.0080883932 
 3003000 0.0080471742 -0.0080662698 
 3004000 0.0079614083 -0.0079717165 
 3005000 0.0079721944 -0.0080095531 
 3006000  0.007943877 -0.0079864109 
 3007000 0.0079576284 -0.0079406233 
 3008000   0.00803398 -0.0080711962 
 3009000  0.008134837 -0.0080774939 
 3010000 0.0080399876 -0.008016321 
 3011000 0.0080638846 -0.0080550231 
 3012000 0.0079672808 -0.0079504544 
 3013000 0.0079110668 -0.0079487473 
 3014000 0.0079855571 -0.0080052469 
 3015000 0.0078827217 -0.0079274373 
 3016000  0.007915348 -0.007895911 
 3017000 0.0079216571 -0.0079178876 
 3018000 0.0080057154 -0.0080396723 
 3019000 0.0080661283 -0.0081255059 
 3020000 0.0079505957 -0.0080241183 
 3021000 0.0079730892 -0.0079417011 
 3022000  0.007955039 -0.0079345909 
 3023000 0.0080039806 -0.0079857699 
 3024000 0.0079851846 -0.0080373495 
 3025000 0.0079281522  -0.00797274 
 3026000 0.0079448905 -0.0080088122 
 3027000 0.0080957039 -0.0080385569 
 3028000 0.0080564915 -0.0081261089 
 3029000 0.0080864433 -0.0081393104 
 3030000 0.0079307328 -0.0079404047 
 3031000 0.0080168225 -0.0080651609 
 3032000 0.0078649475 -0.0079666642 
 3033000 0.0079666145 -0.0079982834 
 3034000 0.0079051854 -0.0079760988 
 3035000 0.0078472978 -0.0078329003 
 3036000 0.0079601548 -0.0079738304 
 3037000 0.0078468485 -0.0078752665 
 3038000 0.0079755635 -0.0079407724 
 3039000 0.0081060756 -0.0081118327 
 3040000 0.0081253735 -0.0080205628 
 3041000 0.0079180702 -0.0079156621 
 3042000 0.0079644149 -0.0080227654 
