# Chunk-averaged data for fix DENSITYFIXK and group file
# Timestep Number-of-chunks Total-count
# Chunk Coord1 Ncount density/number
4505000 77 45
  1 -34.1687 0 0
  2 -33.2687 0 0
  3 -32.3687 0 0
  4 -31.4687 0 0
  5 -30.5687 0 0
  6 -29.6687 0 0
  7 -28.7687 0 0
  8 -27.8687 0 0
  9 -26.9687 0 0
  10 -26.0687 1 0.000892546
  11 -25.1687 1 0.000892546
  12 -24.2687 0 0
  13 -23.3687 2 0.00178509
  14 -22.4687 1 0.000892546
  15 -21.5687 0 0
  16 -20.6687 1 0.000892546
  17 -19.7687 0 0
  18 -18.8687 1 0.000892546
  19 -17.9687 4 0.00357019
  20 -17.0687 1 0.000892546
  21 -16.1687 2 0.00178509
  22 -15.2687 2 0.00178509
  23 -14.3687 0 0
  24 -13.4687 4 0.00357019
  25 -12.5687 0 0
  26 -11.6687 0 0
  27 -10.7687 0 0
  28 -9.86872 2 0.00178509
  29 -8.96872 0 0
  30 -8.06872 1 0.000892546
  31 -7.16872 0 0
  32 -6.26872 1 0.000892546
  33 -5.36872 0 0
  34 -4.46872 0 0
  35 -3.56872 1 0.000892546
  36 -2.66872 0 0
  37 -1.76872 3 0.00267764
  38 -0.868716 0 0
  39 0.0312841 0 0
  40 0.931284 0 0
  41 1.83128 2 0.00178509
  42 2.73128 1 0.000892546
  43 3.63128 1 0.000892546
  44 4.53128 0 0
  45 5.43128 0 0
  46 6.33128 2 0.00178509
  47 7.23128 0 0
  48 8.13128 1 0.000892546
  49 9.03128 0 0
  50 9.93128 1 0.000892546
  51 10.8313 0 0
  52 11.7313 0 0
  53 12.6313 1 0.000892546
  54 13.5313 2 0.00178509
  55 14.4313 0 0
  56 15.3313 2 0.00178509
  57 16.2313 0 0
  58 17.1313 2 0.00178509
  59 18.0313 0 0
  60 18.9313 0 0
  61 19.8313 1 0.000892546
  62 20.7313 0 0
  63 21.6313 0 0
  64 22.5313 0 0
  65 23.4313 0 0
  66 24.3313 1 0.000892546
  67 25.2313 0 0
  68 26.1313 0 0
  69 27.0313 0 0
  70 27.9313 0 0
  71 28.8313 0 0
  72 29.7313 0 0
  73 30.6313 0 0
  74 31.5313 0 0
  75 32.4313 0 0
  76 33.3313 0 0
  77 34.2313 0 0
4510000 77 45
  1 -34.1687 0 0
  2 -33.2687 0 0
  3 -32.3687 0 0
  4 -31.4687 0 0
  5 -30.5687 0 0
  6 -29.6687 0 0
  7 -28.7687 0 0
  8 -27.8687 0 0
  9 -26.9687 0 0
  10 -26.0687 1 0.000892546
  11 -25.1687 2 0.00178509
  12 -24.2687 1 0.000892546
  13 -23.3687 0 0
  14 -22.4687 2 0.00178509
  15 -21.5687 0 0
  16 -20.6687 1 0.000892546
  17 -19.7687 0 0
  18 -18.8687 0 0
  19 -17.9687 0 0
  20 -17.0687 2 0.00178509
  21 -16.1687 2 0.00178509
  22 -15.2687 2 0.00178509
  23 -14.3687 3 0.00267764
  24 -13.4687 3 0.00267764
  25 -12.5687 1 0.000892546
  26 -11.6687 0 0
  27 -10.7687 0 0
  28 -9.86872 1 0.000892546
  29 -8.96872 0 0
  30 -8.06872 2 0.00178509
  31 -7.16872 0 0
  32 -6.26872 1 0.000892546
  33 -5.36872 0 0
  34 -4.46872 0 0
  35 -3.56872 0 0
  36 -2.66872 1 0.000892546
  37 -1.76872 2 0.00178509
  38 -0.868716 1 0.000892546
  39 0.0312841 0 0
  40 0.931284 0 0
  41 1.83128 1 0.000892546
  42 2.73128 2 0.00178509
  43 3.63128 1 0.000892546
  44 4.53128 0 0
  45 5.43128 0 0
  46 6.33128 0 0
  47 7.23128 1 0.000892546
  48 8.13128 2 0.00178509
  49 9.03128 1 0.000892546
  50 9.93128 0 0
  51 10.8313 0 0
  52 11.7313 0 0
  53 12.6313 2 0.00178509
  54 13.5313 1 0.000892546
  55 14.4313 1 0.000892546
  56 15.3313 1 0.000892546
  57 16.2313 1 0.000892546
  58 17.1313 1 0.000892546
  59 18.0313 0 0
  60 18.9313 1 0.000892546
  61 19.8313 0 0
  62 20.7313 0 0
  63 21.6313 0 0
  64 22.5313 1 0.000892546
  65 23.4313 0 0
  66 24.3313 0 0
  67 25.2313 0 0
  68 26.1313 0 0
  69 27.0313 0 0
  70 27.9313 0 0
  71 28.8313 0 0
  72 29.7313 0 0
  73 30.6313 0 0
  74 31.5313 0 0
  75 32.4313 0 0
  76 33.3313 0 0
  77 34.2313 0 0
