# Chunk-averaged data for fix DENSITYFIXwater and group file
# Timestep Number-of-chunks Total-count
# Chunk Coord1 Ncount density/number
4505000 77 2520
  1 -34.1687 0 0
  2 -33.2687 0 0
  3 -32.3687 0 0
  4 -31.4687 0 0
  5 -30.5687 0 0
  6 -29.6687 0 0
  7 -28.7687 0 0
  8 -27.8687 61.2 0.0546238
  9 -26.9687 57.8 0.0515892
  10 -26.0687 24 0.0214211
  11 -25.1687 38.8 0.0346308
  12 -24.2687 49.6 0.0442703
  13 -23.3687 38.8 0.0346308
  14 -22.4687 33.4 0.0298111
  15 -21.5687 40.4 0.0360589
  16 -20.6687 40 0.0357019
  17 -19.7687 40 0.0357019
  18 -18.8687 42.8 0.038201
  19 -17.9687 37.2 0.0332027
  20 -17.0687 32.6 0.029097
  21 -16.1687 41 0.0365944
  22 -15.2687 39.4 0.0351663
  23 -14.3687 42 0.037487
  24 -13.4687 31.4 0.028026
  25 -12.5687 40.6 0.0362374
  26 -11.6687 41 0.0365944
  27 -10.7687 37.8 0.0337383
  28 -9.86872 38 0.0339168
  29 -8.96872 43.4 0.0387365
  30 -8.06872 33 0.029454
  31 -7.16872 46 0.0410571
  32 -6.26872 39.8 0.0355234
  33 -5.36872 29 0.0258838
  34 -4.46872 47.8 0.0426637
  35 -3.56872 42.2 0.0376655
  36 -2.66872 34 0.0303466
  37 -1.76872 36 0.0321317
  38 -0.868716 46.2 0.0412356
  39 0.0312841 41 0.0365944
  40 0.931284 30.8 0.0274904
  41 1.83128 43.4 0.0387365
  42 2.73128 43.4 0.0387365
  43 3.63128 36.2 0.0323102
  44 4.53128 37 0.0330242
  45 5.43128 34.4 0.0307036
  46 6.33128 48.6 0.0433778
  47 7.23128 32.8 0.0292755
  48 8.13128 39.4 0.0351663
  49 9.03128 42.2 0.0376655
  50 9.93128 35.4 0.0315961
  51 10.8313 42.4 0.037844
  52 11.7313 41.4 0.0369514
  53 12.6313 42.6 0.0380225
  54 13.5313 33 0.029454
  55 14.4313 38.8 0.0346308
  56 15.3313 42 0.037487
  57 16.2313 33.4 0.0298111
  58 17.1313 47 0.0419497
  59 18.0313 38 0.0339168
  60 18.9313 33.6 0.0299896
  61 19.8313 46 0.0410571
  62 20.7313 35 0.0312391
  63 21.6313 38.4 0.0342738
  64 22.5313 37.4 0.0333812
  65 23.4313 32.8 0.0292755
  66 24.3313 50.4 0.0449843
  67 25.2313 40.8 0.0364159
  68 26.1313 9.2 0.00821143
  69 27.0313 78 0.0696186
  70 27.9313 50 0.0446273
  71 28.8313 0 0
  72 29.7313 0 0
  73 30.6313 0 0
  74 31.5313 0 0
  75 32.4313 0 0
  76 33.3313 0 0
  77 34.2313 0 0
4510000 77 2520
  1 -34.1687 0 0
  2 -33.2687 0 0
  3 -32.3687 0 0
  4 -31.4687 0 0
  5 -30.5687 0 0
  6 -29.6687 0 0
  7 -28.7687 0 0
  8 -27.8687 54.6 0.048733
  9 -26.9687 66.2 0.0590866
  10 -26.0687 20.2 0.0180294
  11 -25.1687 34 0.0303466
  12 -24.2687 54 0.0481975
  13 -23.3687 33 0.029454
  14 -22.4687 31.8 0.028383
  15 -21.5687 45.2 0.0403431
  16 -20.6687 34.8 0.0310606
  17 -19.7687 42.2 0.0376655
  18 -18.8687 37.2 0.0332027
  19 -17.9687 37.6 0.0335597
  20 -17.0687 39.6 0.0353448
  21 -16.1687 34.4 0.0307036
  22 -15.2687 46.4 0.0414142
  23 -14.3687 36.8 0.0328457
  24 -13.4687 29 0.0258838
  25 -12.5687 39.4 0.0351663
  26 -11.6687 47.6 0.0424852
  27 -10.7687 36 0.0321317
  28 -9.86872 36.6 0.0326672
  29 -8.96872 41 0.0365944
  30 -8.06872 39.2 0.0349878
  31 -7.16872 37 0.0330242
  32 -6.26872 44.2 0.0394506
  33 -5.36872 38 0.0339168
  34 -4.46872 42.6 0.0380225
  35 -3.56872 41.4 0.0369514
  36 -2.66872 31.4 0.028026
  37 -1.76872 44.4 0.0396291
  38 -0.868716 40 0.0357019
  39 0.0312841 32.8 0.0292755
  40 0.931284 43.6 0.038915
  41 1.83128 40.8 0.0364159
  42 2.73128 40.6 0.0362374
  43 3.63128 42.4 0.037844
  44 4.53128 27.6 0.0246343
  45 5.43128 48.2 0.0430207
  46 6.33128 38.2 0.0340953
  47 7.23128 39 0.0348093
  48 8.13128 45 0.0401646
  49 9.03128 31 0.0276689
  50 9.93128 39 0.0348093
  51 10.8313 41.6 0.0371299
  52 11.7313 49 0.0437348
  53 12.6313 30.2 0.0269549
  54 13.5313 39.2 0.0349878
  55 14.4313 47.6 0.0424852
  56 15.3313 36.4 0.0324887
  57 16.2313 36.6 0.0326672
  58 17.1313 37.8 0.0337383
  59 18.0313 43.6 0.038915
  60 18.9313 39 0.0348093
  61 19.8313 33.4 0.0298111
  62 20.7313 43.4 0.0387365
  63 21.6313 36.8 0.0328457
  64 22.5313 40.4 0.0360589
  65 23.4313 40 0.0357019
  66 24.3313 39.8 0.0355234
  67 25.2313 37.8 0.0337383
  68 26.1313 24.4 0.0217781
  69 27.0313 67.6 0.0603361
  70 27.9313 51.4 0.0458769
  71 28.8313 0 0
  72 29.7313 0 0
  73 30.6313 0 0
  74 31.5313 0 0
  75 32.4313 0 0
  76 33.3313 0 0
  77 34.2313 0 0
